           -508.92137               1.15789            -507.76348              93.31033 
           -508.37627               0.81542            -507.56085              65.71170 
           -508.92521               1.67037            -507.25485             134.60885 
           -508.72189               1.85878            -506.86312             149.79212 
           -508.48938               2.04221            -506.44717             164.57438 
           -508.03130               2.00422            -506.02708             161.51287 
           -507.57797               1.99845            -505.57951             161.04811 
           -507.69262               2.59322            -505.09941             208.97834 
           -507.94188               3.32250            -504.61938             267.74873 
           -508.58594               4.37612            -504.20981             352.65611 
           -508.87503               4.99639            -503.87864             402.64157 
           -509.04042               5.42987            -503.61055             437.57363 
           -509.53049               6.11684            -503.41365             492.93475 
           -509.38639               6.09091            -503.29548             490.84462 
           -509.06282               5.78395            -503.27887             466.10781 
           -509.01055               5.63226            -503.37829             453.88389 
           -508.76186               5.16762            -503.59424             416.43996 
           -508.47420               4.56545            -503.90874             367.91355 
           -508.28671               4.00415            -504.28256             322.67994 
           -508.15012               3.45304            -504.69708             278.26833 
           -508.06989               2.90112            -505.16877             233.79110 
           -507.95742               2.24819            -505.70923             181.17341 
           -508.10753               1.84129            -506.26625             148.38265 
           -508.33477               1.59269            -506.74209             128.34890 
           -508.56446               1.45055            -507.11391             116.89432 
           -508.97293               1.56013            -507.41280             125.72507 
           -509.43159               1.78047            -507.65112             143.48211 
           -509.80244               1.98223            -507.82021             159.74069 
           -509.66598               1.75847            -507.90751             141.70898 
           -509.33488               1.43164            -507.90323             115.37116 
           -509.30041               1.51650            -507.78391             122.20960 
           -509.31270               1.77533            -507.53737             143.06731 
           -509.03878               1.85114            -507.18764             149.17709 
           -508.65940               1.89577            -506.76363             152.77343 
           -508.27511               2.01208            -506.26303             162.14620 
           -508.22453               2.51710            -505.70743             202.84440 
           -508.35779               3.19783            -505.15996             257.70178 
           -508.24734               3.56978            -504.67756             287.67586 
           -508.47192               4.18890            -504.28302             337.56891 
           -509.10641               5.14969            -503.95673             414.99480 
           -509.30210               5.61960            -503.68249             452.86388 
           -509.45203               5.96942            -503.48261             481.05449 
           -510.03979               6.66787            -503.37192             537.33968 
           -510.35390               7.01204            -503.34185             565.07555 
           -510.07724               6.69572            -503.38152             539.58408 
           -509.74425               6.24346            -503.50079             503.13841 
           -509.30255               5.58841            -503.71414             450.35007 
           -509.14945               5.12048            -504.02897             412.64119 
           -508.93236               4.48388            -504.44848             361.34016 
           -508.72118               3.74690            -504.97428             301.94902 
           -508.78328               3.25264            -505.53064             262.11862 
           -508.96970               2.92569            -506.04402             235.77067 
           -509.55525               3.05062            -506.50463             245.83875 
           -509.67566               2.75910            -506.91656             222.34632 
           -509.57342               2.29778            -507.27564             185.17020 
           -509.87850               2.33565            -507.54285             188.22171 
           -510.16995               2.47849            -507.69146             199.73286 
           -510.13633               2.41474            -507.72159             194.59535 
           -510.17027               2.51326            -507.65701             202.53465 
           -510.20579               2.69086            -507.51493             216.84674 
           -510.15597               2.85853            -507.29744             230.35899 
           -510.06759               3.05583            -507.01176             246.25845 
           -509.62911               2.97832            -506.65079             240.01244 
           -509.48724               3.27379            -506.21345             263.82314 
           -509.38324               3.65504            -505.72820             294.54641 
           -509.27638               4.03961            -505.23677             325.53779 
           -509.73517               4.96211            -504.77306             399.87886 
           -509.76250               5.45093            -504.31157             439.27127 
           -510.00380               6.12423            -503.87957             493.52962 
           -510.65423               7.11794            -503.53629             573.60918 
           -511.08565               7.77355            -503.31210             626.44244 
           -511.24469               8.02734            -503.21735             646.89505 
           -511.18567               7.94548            -503.24019             640.29809 
           -510.98132               7.60841            -503.37291             613.13440 
           -510.70286               7.10119            -503.60168             572.25927 
           -510.48508               6.58038            -503.90470             530.28976 
           -510.18383               5.91563            -504.26820             476.71932 
           -509.78887               5.11112            -504.67774             411.88733 
           -509.69875               4.58439            -505.11436             369.43962 
           -509.86385               4.31201            -505.55184             347.48983 
           -510.13760               4.15323            -505.98437             334.69375 
           -510.49412               4.04615            -506.44797             326.06489 
           -510.75231               3.81662            -506.93569             307.56792 
           -511.09539               3.71688            -507.37851             299.52997 
           -511.52749               3.80152            -507.72597             306.35123 
           -511.66890               3.72014            -507.94876             299.79298 
           -511.69332               3.65806            -508.03526             294.78983 
           -511.92154               3.93196            -507.98958             316.86272 
           -511.90755               4.09690            -507.81065             330.15452 
           -511.70416               4.18098            -507.52319             336.92990 
           -511.32881               4.16622            -507.16259             335.74092 
           -510.91121               4.16893            -506.74228             335.95939 
           -510.79337               4.50770            -506.28567             363.25975 
           -510.87769               5.04624            -505.83146             406.65818 
           -510.74164               5.36084            -505.38080             432.01111 
           -510.68794               5.77428            -504.91366             465.32886 
           -511.08908               6.64690            -504.44218             535.65033 
           -511.61898               7.59437            -504.02461             612.00311 
           -511.96274               8.25467            -503.70807             665.21446 
           -512.15089               8.66624            -503.48465             698.38154 
           -512.43426               9.09978            -503.33448             733.31899 
           -512.73269               9.46896            -503.26374             763.06956 
           -512.95297               9.66113            -503.29184             778.55624 
           -512.75754               9.33615            -503.42139             752.36670 
           -512.47157               8.80903            -503.66253             709.88877 
           -512.27828               8.25681            -504.02146             665.38733 
           -511.94519               7.46510            -504.48009             601.58593 
           -511.64031               6.65806            -504.98225             536.54935 
           -511.45853               5.98184            -505.47669             482.05524 
           -511.83895               5.86881            -505.97013             472.94676 
           -512.28061               5.83593            -506.44468             470.29695 
           -512.63940               5.78322            -506.85618             466.04892 
           -512.93427               5.76072            -507.17355             464.23595 
           -513.09975               5.69235            -507.40740             458.72618 
           -513.56852               5.98162            -507.58690             482.03747 
           -513.49167               5.79959            -507.69207             467.36871 
           -513.20419               5.50613            -507.69805             443.71961 
           -513.33229               5.72818            -507.60411             461.61351 
           -513.30437               5.88581            -507.41856             474.31640 
           -513.24820               6.10470            -507.14350             491.95583 
           -513.41134               6.63982            -506.77152             535.07924 
           -513.25097               6.94468            -506.30628             559.64737 
           -512.87136               7.08445            -505.78691             570.91055 
           -512.67189               7.42088            -505.25101             598.02245 
           -512.77857               8.07266            -504.70591             650.54710 
           -513.33413               9.12745            -504.20667             735.54899 
           -513.74508               9.91173            -503.83335             798.75104 
           -514.13908              10.54632            -503.59276             849.89068 
           -514.68570              11.23446            -503.45124             905.34519 
           -514.92933              11.55779            -503.37154             931.40149 
           -515.12569              11.77758            -503.34811             949.11315 
           -514.72310              11.33542            -503.38768             913.48155 
           -514.25519              10.74481            -503.51037             865.88639 
           -514.34028              10.60510            -503.73518             854.62705 
           -514.22326              10.14640            -504.07686             817.66216 
           -513.86440               9.33746            -504.52694             752.47247 
           -513.66968               8.64674            -505.02295             696.80975 
           -513.95315               8.43127            -505.52188             679.44610 
           -514.38947               8.36309            -506.02637             673.95205 
           -514.45060               7.92515            -506.52545             638.66001 
           -514.58562               7.60787            -506.97775             613.09154 
           -515.03101               7.68563            -507.34538             619.35747 
           -515.89804               8.27330            -507.62474             666.71614 
           -516.35778               8.55221            -507.80557             689.19177 
           -516.46263               8.58329            -507.87934             691.69657 
           -516.87050               9.00997            -507.86054             726.08108 
           -516.95417               9.19632            -507.75784             741.09892 
           -517.37169               9.78625            -507.58544             788.63931 
           -517.52971              10.21424            -507.31548             823.12915 
           -517.30148              10.36542            -506.93606             835.31245 
           -518.04159              11.53998            -506.50161             929.96585 
           -519.36277              13.30495            -506.05782            1072.19831 
           -520.78079              15.16393            -505.61686            1222.00723 
           -522.48133              17.29741            -505.18392            1393.93638 
           -523.73136              18.95566            -504.77570            1527.56937 
           -522.64028              18.24072            -504.39955            1469.95504 
           -522.95464              18.84562            -504.10902            1518.70182 
           -524.13441              20.25222            -503.88219            1632.05459 
           -526.06766              22.33765            -503.73001            1800.11176 
           -526.84308              23.21295            -503.63013            1870.64915 
           -525.54742              22.00520            -503.54222            1773.32078 
           -527.23549              23.67540            -503.56009            1907.91584 
           -526.03705              22.37453            -503.66253            1803.08364 
           -527.00934              23.07979            -503.92955            1859.91808 
           -527.25906              22.98330            -504.27576            1852.14268 
           -530.78316              25.94021            -504.84294            2090.42947 
           -532.33724              26.75892            -505.57832            2156.40626 
           -532.68000              25.96507            -506.71493            2092.43269 
           -528.44261              20.11235            -508.33026            1620.78303 
           -529.96751              20.12064            -509.84687            1621.45117 
           -527.88358              17.21127            -510.67231            1386.99490 
           -522.41084              11.25965            -511.15119             907.37515 
           -529.55320              17.78375            -511.76945            1433.12917 
           -528.84772              15.88186            -512.96586            1279.86282 
           -523.51736               8.73555            -514.78182             703.96649 
           -531.34616              15.32281            -516.02335            1234.81084 
           -533.08957              16.56162            -516.52795            1334.64205 
           -524.18003               7.48843            -516.69160             603.46583 
           -534.80428              17.67101            -517.13327            1424.04393 
           -534.23895              16.91339            -517.32556            1362.98961 
           -535.34724              17.50141            -517.84583            1410.37651 
           -534.30257              15.17011            -519.13246            1222.50514 
           -538.40684              17.39090            -521.01594            1401.47035 
           -538.57131              16.71648            -521.85484            1347.12144 
           -538.46237              16.11413            -522.34824            1298.58024 
           -540.44675              17.68268            -522.76407            1424.98447 
           -538.12583              15.40695            -522.71889            1241.59102 
           -539.03078              16.63337            -522.39741            1340.42425 
           -539.68641              17.62969            -522.05672            1420.71401 
           -540.36563              18.60278            -521.76285            1499.13182 
           -538.47277              17.12288            -521.34988            1379.87208 
           -536.39161              15.44813            -520.94348            1244.91005 
           -533.80718              12.99376            -520.81342            1047.12057 
           -531.35704              10.47812            -520.87892             844.39460 
           -535.22088              14.21008            -521.01081            1145.13941 
           -538.22072              17.19031            -521.03041            1385.30606 
           -535.91820              15.12598            -520.79222            1218.94877 
           -536.00577              15.56837            -520.43740            1254.59961 
           -533.79847              13.66951            -520.12896            1101.57683 
           -530.53892              10.61853            -519.92039             855.70932 
           -532.84227              12.87838            -519.96389            1037.82298 
           -530.37032              10.05222            -520.31809             810.07298 
           -531.46028              10.29093            -521.16934             829.30972 
           -531.52186               9.60348            -521.91837             773.91054 
           -528.72696               6.37167            -522.35529             513.47045 
           -530.35916               7.62126            -522.73790             614.17023 
           -532.98425               9.89323            -523.09102             797.25987 
           -534.36419              11.18290            -523.18129             901.18990 
           -533.42151              10.66411            -522.75740             859.38284 
           -530.41527               8.27691            -522.13836             667.00635 
           -533.80594              12.09802            -521.70791             974.93678 
           -534.79598              13.50908            -521.28690            1088.64876 
           -535.39725              14.50979            -520.88747            1169.29204 
           -538.08739              17.44174            -520.64565            1405.56765 
           -533.62212              13.17541            -520.44670            1061.75971 
           -536.95176              16.49693            -520.45483            1329.42886 
           -538.99678              18.58516            -520.41162            1497.71184 
           -536.61875              16.52755            -520.09120            1331.89669 
           -537.18065              17.88153            -519.29912            1441.00877 
           -537.58411              18.84498            -518.73914            1518.64980 
           -532.46363              14.07147            -518.39216            1133.96969 
           -536.05951              17.82725            -518.23226            1436.63464 
           -535.13879              17.34419            -517.79460            1397.70650 
           -533.88952              17.32219            -516.56733            1395.93401 
           -535.05236              19.65314            -515.39922            1583.77686 
           -526.80773              12.07653            -514.73120             973.20489 
           -528.65074              14.35935            -514.29139            1157.16862 
           -522.27025               9.36325            -512.90699             754.55122 
           -530.61128              19.32686            -511.28442            1557.48297 
           -527.34094              17.00442            -510.33653            1370.32533 
           -520.81775              11.14196            -509.67579             897.89080 
           -520.82851              12.34266            -508.48585             994.65126 
           -521.29358              14.55336            -506.74023            1172.80334 
           -526.51500              20.39791            -506.11709            1643.79488 
           -520.91827              15.11931            -505.79896            1218.41163 
           -521.26166              15.66940            -505.59226            1262.74131 
           -517.93913              13.16612            -504.77301            1061.01051 
           -523.95387              20.40667            -503.54721            1644.50074 
           -526.15676              23.64138            -502.51538            1905.17460 
           -525.47540              23.65712            -501.81828            1906.44298 
           -521.88985              20.81037            -501.07949            1677.03349 
           -522.53330              22.26101            -500.27229            1793.93527 
           -520.60583              21.36915            -499.23669            1722.06346 
           -520.39418              22.14195            -498.25223            1784.34090 
           -519.82984              22.41570            -497.41414            1806.40143 
           -516.11740              19.60549            -496.51191            1579.93659 
           -516.91838              21.38480            -495.53358            1723.32467 
           -518.45441              23.71883            -494.73558            1911.41640 
           -514.27802              20.12501            -494.15301            1621.80257 
           -508.99003              15.30303            -493.68700            1233.21638 
           -507.74989              14.51802            -493.23187            1169.95531 
           -510.13293              17.35264            -492.78029            1398.38784 
           -507.50244              15.24156            -492.26088            1228.26316 
           -504.23870              12.51870            -491.71999            1008.83777 
           -501.68833              10.60558            -491.08275             854.66603 
           -499.97398               9.58508            -490.38891             772.42734 
           -500.57036              10.70563            -489.86473             862.72861 
           -500.59841              11.07466            -489.52376             892.46715 
           -503.01017              13.66606            -489.34412            1101.29901 
           -503.83840              14.52297            -489.31543            1170.35439 
           -497.60776               8.21125            -489.39651             661.71538 
           -500.23323              10.44570            -489.78752             841.78203 
           -497.53737               7.47597            -490.06141             602.46144 
           -499.86027               9.45557            -490.40470             761.99060 
           -502.08242              11.33046            -490.75196             913.08107 
           -498.72800               7.77875            -490.94924             626.86208 
           -499.78780               8.84531            -490.94248             712.81233 
           -504.32035              13.46218            -490.85816            1084.86935 
           -502.94053              12.23699            -490.70354             986.13553 
           -504.00444              13.42493            -490.57951            1081.86740 
           -505.17915              14.80386            -490.37529            1192.99059 
           -503.84123              13.85836            -489.98287            1116.79592 
           -507.69889              17.98611            -489.71278            1449.43654 
           -507.55553              18.08894            -489.46659            1457.72333 
           -508.42438              19.13292            -489.29145            1541.85425 
           -507.37113              18.33396            -489.03717            1477.46868 
           -508.79831              20.11500            -488.68332            1620.99594 
           -510.80397              22.39761            -488.40636            1804.94364 
           -510.97524              22.85767            -488.11757            1842.01866 
           -512.37715              24.64253            -487.73462            1985.85340 
           -510.28137              23.07518            -487.20618            1859.54693 
           -512.46327              25.60057            -486.86270            2063.05863 
           -517.56809              30.88277            -486.68532            2488.73288 
           -517.65148              31.06509            -486.58639            2503.42493 
           -517.04093              30.26304            -486.77789            2438.79096 
           -516.55364              29.03685            -487.51679            2339.97622 
           -518.98630              30.20904            -488.77726            2434.43865 
           -522.30140              33.00885            -489.29255            2660.06548 
           -531.14203              41.62488            -489.51715            3354.40074 
           -526.41036              36.97003            -489.44032            2979.28350 
           -525.44939              36.19494            -489.25445            2916.82164 
           -523.32208              34.67284            -488.64924            2794.16117 
           -519.96519              31.60291            -488.36228            2546.76581 
           -520.41687              31.99933            -488.41754            2578.71245 
           -525.02369              36.23984            -488.78385            2920.43970 
           -521.28210              32.39931            -488.88279            2610.94500 
           -524.13512              35.23924            -488.89587            2839.80517 
           -520.65339              31.79675            -488.85664            2562.38710 
           -523.40558              34.52298            -488.88260            2782.08399 
           -516.88935              28.53261            -488.35674            2299.34131 
           -524.51154              36.22386            -488.28768            2919.15174 
           -513.34391              25.21182            -488.13209            2031.73083 
           -527.98235              39.57458            -488.40777            3189.17488 
           -525.25544              37.06029            -488.19516            2986.55659 
           -523.30610              35.19007            -488.11603            2835.84229 
           -522.16663              34.25676            -487.90987            2760.63069 
           -519.95238              32.38270            -487.56968            2609.60637 
           -516.54093              29.28620            -487.25473            2360.07073 
           -518.64790              31.51070            -487.13720            2539.33502 
           -523.07997              35.93772            -487.14225            2896.09319 
           -520.01633              32.69967            -487.31666            2635.14988 
           -524.15314              36.39275            -487.76039            2932.76203 
           -523.23814              35.24771            -487.99043            2840.48754 
           -519.40053              31.34363            -488.05690            2525.87183 
           -520.66497              32.73888            -487.92609            2638.31015 
           -517.55364              30.06537            -487.48827            2422.86124 
           -514.38085              27.19867            -487.18219            2191.84371 
           -512.93739              26.11615            -486.82124            2104.60764 
           -517.37392              31.02392            -486.35000            2500.10692 
           -513.18478              27.60057            -485.58421            2224.23202 
           -507.30667              22.49676            -484.80991            1812.93378 
           -509.83902              25.36627            -484.47276            2044.17717 
           -510.05575              25.72464            -484.33111            2073.05726 
           -510.11761              25.92175            -484.19586            2088.94189 
           -510.83440              26.85741            -483.97698            2164.34317 
           -509.66481              25.76717            -483.89765            2076.48420 
           -505.76785              21.87739            -483.89046            1763.02113 
           -506.08702              22.34417            -483.74284            1800.63728 
           -510.00135              26.49726            -483.50409            2135.31971 
           -505.69946              22.64493            -483.05452            1824.87469 
           -502.07670              19.77979            -482.29691            1593.98270 
           -503.39476              22.02151            -481.37325            1774.63474 
           -506.62060              25.80160            -480.81901            2079.25880 
           -506.52932              26.10139            -480.42793            2103.41842 
           -505.08821              25.04716            -480.04105            2018.46158 
           -507.88433              27.86716            -480.01717            2245.71502 
           -503.86120              23.86810            -479.99310            1923.44528 
           -504.23860              24.22319            -480.01541            1952.06049 
           -506.10485              25.87706            -480.22779            2085.33986 
           -505.02149              24.54405            -480.47744            1977.91757 
           -502.17580              21.82756            -480.34824            1759.00501 
           -503.48227              23.36492            -480.11735            1882.89590 
           -506.03455              26.25205            -479.78250            2115.55951 
           -507.47390              28.19791            -479.27598            2272.36934 
           -504.90121              26.36113            -478.54008            2124.34963 
           -502.45937              24.60574            -477.85363            1982.88866 
           -502.27616              25.14423            -477.13193            2026.28367 
           -507.32292              30.97888            -476.34404            2496.47749 
           -502.42285              27.09613            -475.32672            2183.58095 
           -498.89769              24.59344            -474.30424            1981.89804 
           -498.28062              24.88506            -473.39556            2005.39869 
           -502.89080              30.25345            -472.63736            2438.01770 
           -497.82261              26.32782            -471.49479            2121.66568 
           -500.72054              30.12199            -470.59855            2427.42393 
           -495.85729              26.00214            -469.85515            2095.42002 
           -497.34117              27.99843            -469.34273            2256.29404 
           -498.63416              29.84457            -468.78959            2405.06729 
           -497.56264              29.46457            -468.09807            2374.44491 
           -501.46278              33.75720            -467.70558            2720.37262 
           -495.40995              27.87813            -467.53182            2246.59964 
           -495.91473              28.29018            -467.62455            2279.80525 
           -497.06731              29.39913            -467.66818            2369.17090 
           -505.09019              37.14336            -467.94683            2993.25146 
           -501.34833              33.31600            -468.03233            2684.81756 
           -499.06550              31.13859            -467.92691            2509.34849 
           -499.67338              31.72540            -467.94798            2556.63677 
           -499.52694              31.56571            -467.96123            2543.76827 
           -504.01707              36.07308            -467.94399            2907.00097 
           -500.15522              32.21447            -467.94075            2596.04930 
           -499.41145              31.40457            -468.00688            2530.78228 
           -497.05184              29.14345            -467.90840            2348.56665 
           -495.53834              27.76015            -467.77819            2237.09172 
           -495.37452              27.71215            -467.66237            2233.22346 
           -497.39047              29.89384            -467.49663            2409.03827 
           -495.14667              27.80695            -467.33971            2240.86322 
           -490.91243              23.53145            -467.38098            1896.31597 
           -495.04341              27.49686            -467.54655            2215.87403 
           -495.56954              27.98559            -467.58396            2255.25874 
           -494.76178              27.19243            -467.56935            2191.34084 
           -493.02220              25.54976            -467.47244            2058.96403 
           -493.89384              26.59239            -467.30144            2142.98630 
           -498.11400              30.78195            -467.33206            2480.60751 
           -496.14769              28.83802            -467.30968            2323.95313 
           -496.90552              29.61366            -467.29186            2386.45975 
           -494.01149              26.83237            -467.17912            2162.32533 
           -497.04823              30.03178            -467.01645            2420.15392 
           -499.38976              32.57021            -466.81955            2624.71717 
           -494.42885              27.71479            -466.71406            2233.43625 
           -492.38752              25.63270            -466.75481            2065.64826 
           -494.73985              27.81821            -466.92164            2241.77038 
           -499.63745              32.47190            -467.16555            2616.79467 
           -503.25456              35.86170            -467.39286            2889.96682 
           -506.73732              39.05640            -467.68093            3147.41614 
           -503.14103              35.19940            -467.94162            2836.59478 
           -502.10437              33.77534            -468.32903            2721.83471 
           -503.81843              35.02471            -468.79372            2822.51677 
           -503.41719              34.25908            -469.15811            2760.81751 
           -505.22850              35.93955            -469.28896            2896.24029 
           -511.71102              42.29075            -469.42027            3408.06124 
           -507.50885              37.99272            -469.51613            3061.69787 
           -509.58517              39.88799            -469.69718            3214.43139 
           -510.37731              40.59680            -469.78051            3271.55175 
           -511.80796              41.94966            -469.85830            3380.57357 
           -514.75227              44.65624            -470.09603            3598.68776 
           -511.43662              41.27774            -470.15888            3326.42612 
           -517.45733              47.37369            -470.08364            3817.67690 
           -516.43711              46.62628            -469.81083            3757.44575 
           -514.47470              45.00161            -469.47309            3626.51936 
           -511.77770              42.63388            -469.14382            3435.71240 
           -517.46702              48.54037            -468.92665            3911.69589 
           -510.15455              41.79311            -468.36143            3367.95812 
           -510.79563              42.84979            -467.94584            3453.11169 
           -511.32040              43.95784            -467.36256            3542.40608 
           -509.08829              42.45576            -466.63252            3421.35895 
           -509.83121              43.94671            -465.88450            3541.50860 
           -512.89705              47.43828            -465.45877            3822.88252 
           -507.31007              42.30100            -465.00907            3408.88729 
           -508.32394              43.88914            -464.43480            3536.86927 
           -510.65778              46.63282            -464.02496            3757.97312 
           -506.60353              43.02591            -463.57762            3467.30458 
           -509.22373              45.82715            -463.39658            3693.04723 
           -506.41628              43.26109            -463.15519            3486.25739 
           -504.19680              41.31771            -462.87909            3329.64741 
           -510.09159              47.55756            -462.53403            3832.49449 
           -511.12106              49.07521            -462.04585            3954.79620 
           -504.26214              42.92625            -461.33589            3459.27410 
           -504.46240              43.97368            -460.48872            3543.68244 
           -508.55585              48.93060            -459.62524            3943.14307 
           -505.05704              46.49952            -458.55752            3747.23090 
           -513.25917              54.94383            -458.31534            4427.72808 
           -502.49494              44.51168            -457.98326            3587.03783 
           -499.15637              41.42898            -457.72740            3338.61369 
           -502.27656              44.72948            -457.54708            3604.58928 
           -502.32105              45.11215            -457.20889            3635.42778 
           -502.32514              45.54388            -456.78125            3670.21948 
           -497.81906              41.45791            -456.36115            3340.94548 
           -491.08963              35.26517            -455.82446            2841.89462 
           -492.30578              37.01282            -455.29295            2982.73164 
           -494.85110              40.04396            -454.80713            3227.00045 
           -495.42988              41.00515            -454.42473            3304.45870 
           -491.79562              37.82007            -453.97555            3047.78491 
           -486.57740              33.06852            -453.50887            2664.87473 
           -485.51551              32.29020            -453.22531            2602.15226 
           -483.75844              31.01027            -452.74817            2499.00708 
           -489.15925              36.64094            -452.51832            2952.76261 
           -489.32803              37.17501            -452.15301            2995.80216 
           -490.15519              38.38418            -451.77101            3093.24445 
           -484.46532              32.70339            -451.76193            2635.44997 
           -479.44575              27.57450            -451.87126            2222.13043 
           -485.72290              33.53061            -452.19229            2702.11216 
           -480.27909              27.69843            -452.58067            2232.11762 
           -476.15000              23.28239            -452.86761            1876.24459 
           -481.38607              28.23886            -453.14721            2275.66896 
           -481.41461              28.07775            -453.33685            2262.68604 
           -478.19683              24.85434            -453.34250            2002.92250 
           -481.34780              28.10921            -453.23859            2265.22153 
           -481.56370              28.57096            -452.99274            2302.43229 
           -479.91387              27.14628            -452.76758            2187.62235 
           -481.24316              28.66361            -452.57954            2309.89870 
           -478.89574              26.55545            -452.34030            2140.00883 
           -480.24780              28.15723            -452.09057            2269.09097 
           -484.74234              32.75295            -451.98939            2639.44333 
           -481.77806              29.92678            -451.85128            2411.69235 
           -480.02146              28.24309            -451.77836            2276.01040 
           -479.20738              27.60277            -451.60461            2224.40937 
           -486.78654              35.34892            -451.43762            2848.64378 
           -482.88960              31.65648            -451.23312            2551.08295 
           -483.69619              32.50006            -451.19612            2619.06445 
           -486.75887              35.72630            -451.03257            2879.05533 
           -486.29569              35.47893            -450.81676            2859.12061 
           -485.57879              34.78084            -450.79794            2802.86436 
           -483.56790              32.84727            -450.72063            2647.04432 
           -486.52590              35.84088            -450.68502            2888.28859 
           -484.56992              33.82519            -450.74473            2725.85201 
           -490.04116              39.02859            -451.01257            3145.17486 
           -489.97744              38.45442            -451.52302            3098.90485 
           -488.38443              36.50106            -451.88337            2941.49048 
           -495.36162              43.25219            -452.10942            3485.54028 
           -492.69117              40.68791            -452.00326            3278.89357 
           -491.82825              39.91396            -451.91429            3216.52390 
           -489.40252              37.59115            -451.81137            3029.33668 
           -489.79784              38.18154            -451.61630            3076.91449 
           -495.07794              43.72170            -451.35624            3523.37593 
           -488.14267              37.05576            -451.08691            2986.19186 
           -492.93299              41.58152            -451.35147            3350.90638 
           -493.33930              41.67371            -451.66559            3358.33586 
           -490.16560              38.12256            -452.04303            3072.16172 
           -493.49864              40.90398            -452.59466            3296.30632 
           -496.43603              43.65490            -452.78113            3517.99266 
           -504.44255              51.48730            -452.95524            4149.17866 
           -498.64595              46.14203            -452.50392            3718.42189 
           -501.51605              49.30765            -452.20840            3973.52817 
           -503.97141              51.77152            -452.19989            4172.08270 
           -502.33455              50.09990            -452.23465            4037.37243 
           -501.81770              49.55340            -452.26429            3993.33245 
           -501.55724              49.30371            -452.25354            3973.21013 
           -505.31791              53.15636            -452.16154            4283.68222 
           -500.53017              48.69455            -451.83562            3924.12068 
           -491.24767              39.90085            -451.34681            3215.46767 
           -512.22854              60.76000            -451.46854            4896.43216 
           -505.28448              54.02306            -451.26142            4353.52596 
           -498.82545              47.49079            -451.33466            3827.11385 
           -502.93900              51.21329            -451.72571            4127.09671 
           -494.99344              43.15127            -451.84216            3477.40756 
           -501.65236              49.54350            -452.10885            3992.53447 
           -497.38752              45.28582            -452.10170            3649.42347 
           -504.98382              52.63840            -452.34542            4241.94152 
           -499.93761              47.77141            -452.16620            3849.72809 
           -503.75594              51.80790            -451.94804            4175.01403 
           -508.06677              56.08940            -451.97737            4520.04519 
           -496.69342              44.65268            -452.04074            3598.40073 
           -500.32150              47.78999            -452.53151            3851.22522 
           -501.21022              48.37385            -452.83637            3898.27624 
           -500.51311              47.61649            -452.89662            3837.24385 
           -498.56926              46.22310            -452.34616            3724.95530 
           -502.41296              50.32348            -452.08947            4055.39026 
           -501.85757              49.83431            -452.02326            4015.96982 
           -497.86507              46.22096            -451.64411            3724.78264 
           -499.94945              48.43950            -451.50995            3903.56690 
           -495.38958              43.91538            -451.47420            3538.98455 
           -501.16089              49.72667            -451.43422            4007.29574 
           -501.02071              49.60298            -451.41773            3997.32771 
           -491.13514              39.67680            -451.45834            3197.41230 
           -488.53302              37.38566            -451.14736            3012.77759 
           -495.82685              45.02246            -450.80439            3628.19960 
           -496.91064              46.82793            -450.08272            3773.69599 
           -496.09404              46.75740            -449.33665            3768.01224 
           -488.65834              39.99209            -448.66625            3222.81993 
           -492.82145              44.65782            -448.16363            3598.81487 
           -491.81097              44.11116            -447.69980            3554.76163 
           -483.41810              36.31734            -447.10076            2926.68528 
           -499.39214              52.32514            -447.06700            4216.69665 
           -490.20328              43.72655            -446.47673            3523.76690 
           -493.82602              47.77223            -446.05379            3849.79399 
           -484.09633              38.64679            -445.44954            3114.40764 
           -489.03990              43.94613            -445.09377            3541.46201 
           -491.65782              46.80910            -444.84872            3772.17860 
           -488.42813              43.70002            -444.72811            3521.62882 
           -484.99339              40.41391            -444.57948            3256.81343 
           -484.90558              40.51305            -444.39253            3264.80245 
           -485.89500              41.74074            -444.15426            3363.73784 
           -483.36705              39.43869            -443.92836            3178.22381 
           -482.82793              39.30418            -443.52375            3167.38426 
           -485.53643              42.72639            -442.81004            3443.16778 
           -481.02641              39.03879            -441.98762            3145.99730 
           -489.85024              48.24257            -441.60767            3887.69697 
           -485.29614              43.97266            -441.32347            3543.60056 
           -482.87377              41.69720            -441.17657            3360.22928 
           -483.12478              41.86583            -441.25895            3373.81832 
           -483.12121              41.61933            -441.50189            3353.95346 
           -487.57872              45.94889            -441.62982            3702.85789 
           -480.53951              38.79463            -441.74488            3126.32130 
           -479.72469              37.97743            -441.74726            3060.46562 
           -484.66649              43.33793            -441.32855            3492.44993 
           -481.79083              41.08792            -440.70291            3311.12952 
           -478.56504              38.38326            -440.18178            3093.17049 
           -478.11888              38.44777            -439.67111            3098.36890 
           -481.09451              41.85548            -439.23904            3372.98384 
           -480.10784              41.19986            -438.90798            3320.14987 
           -479.22145              40.39391            -438.82755            3255.20112 
           -477.64396              39.02538            -438.61859            3144.91612 
           -474.75464              36.26999            -438.48465            2922.86914 
           -475.58961              37.12657            -438.46304            2991.89815 
           -478.75952              40.63196            -438.12756            3274.38480 
           -480.58427              43.09601            -437.48826            3472.95437 
           -481.83216              44.89249            -436.93967            3617.72631 
           -483.85415              47.22491            -436.62924            3805.68730 
           -480.01631              43.81688            -436.19943            3531.04640 
           -475.74114              40.24331            -435.49783            3243.06530 
           -484.01487              48.69083            -435.32404            3923.82109 
           -475.92486              40.35061            -435.57425            3251.71192 
           -472.00076              36.14625            -435.85451            2912.89796 
           -481.68482              45.39409            -436.29072            3658.14835 
           -477.07159              40.44965            -436.62193            3259.69365 
           -474.28798              37.36918            -436.91880            3011.44925 
           -479.13736              41.90558            -437.23178            3377.02135 
           -477.86063              40.72659            -437.13404            3282.01091 
           -475.55040              38.44234            -437.10806            3097.93103 
           -475.11414              37.83070            -437.28343            3048.64175 
           -475.47665              38.22205            -437.25460            3080.17912 
           -478.77707              41.60734            -437.16973            3352.98730 
           -475.38592              38.33504            -437.05088            3089.28414 
           -476.60448              39.68820            -436.91628            3198.33041 
           -478.83386              42.10380            -436.73007            3392.99530 
           -476.86588              40.29921            -436.56666            3247.57031 
           -475.72432              39.24286            -436.48147            3162.44204 
           -476.25103              39.67317            -436.57786            3197.11972 
           -474.54651              37.75324            -436.79327            3042.39961 
           -474.38224              37.35702            -437.02522            3010.46959 
           -478.64762              41.29628            -437.35134            3327.92059 
           -476.98245              39.21963            -437.76282            3160.57059 
           -475.49001              37.21181            -438.27820            2998.76724 
           -478.01494              39.25114            -438.76380            3163.10955 
           -481.39502              42.33680            -439.05822            3411.77197 
           -478.88288              39.83429            -439.04859            3210.10330 
           -478.77787              39.76428            -439.01358            3204.46195 
           -480.35237              41.38547            -438.96689            3335.10806 
           -479.17235              40.48808            -438.68427            3262.79020 
           -480.07853              41.83371            -438.24483            3371.22964 
           -483.35148              45.36900            -437.98248            3656.12597 
