           -508.26420               1.57413            -506.69007             126.85328 
           -507.43792               0.90869            -506.52924              73.22776 
           -508.44600               2.15750            -506.28850             173.86505 
           -508.47800               2.49737            -505.98063             201.25393 
           -508.66906               2.99597            -505.67309             241.43419 
           -508.77413               3.39112            -505.38300             273.27867 
           -508.03076               2.90655            -505.12421             234.22875 
           -507.66194               2.74053            -504.92141             220.84966 
           -507.89109               3.15916            -504.73193             254.58513 
           -508.40108               3.87182            -504.52926             312.01602 
           -508.64653               4.33335            -504.31318             349.20956 
           -508.54346               4.46066            -504.08280             359.46874 
           -508.90452               5.03378            -503.87074             405.65415 
           -509.15990               5.45032            -503.70957             439.22200 
           -508.75393               5.11073            -503.64320             411.85560 
           -508.60157               4.89316            -503.70842             394.32200 
           -508.34008               4.44877            -503.89131             358.51063 
           -507.93170               3.77207            -504.15963             303.97756 
           -508.27650               3.80839            -504.46811             306.90474 
           -508.41265               3.62851            -504.78414             292.40875 
           -508.23664               3.11892            -505.11773             251.34246 
           -508.39781               2.94629            -505.45151             237.43119 
           -508.23167               2.50654            -505.72513             201.99313 
           -508.45890               2.52731            -505.93160             203.66685 
           -508.69632               2.60807            -506.08825             210.17488 
           -508.60041               2.37412            -506.22629             191.32203 
           -509.05250               2.67845            -506.37405             215.84640 
           -509.00088               2.47769            -506.52319             199.66789 
           -508.87057               2.20169            -506.66888             177.42641 
           -509.04856               2.27861            -506.76995             183.62512 
           -508.88308               2.11446            -506.76862             170.39721 
           -509.09591               2.43726            -506.65865             196.40989 
           -509.01558               2.57637            -506.43921             207.62028 
           -508.61581               2.49015            -506.12566             200.67265 
           -508.49811               2.75657            -505.74154             222.14230 
           -508.53040               3.21096            -505.31944             258.75997 
           -508.50053               3.57523            -504.92530             288.11525 
           -508.40911               3.79230            -504.61681             305.60794 
           -508.73386               4.34129            -504.39258             349.84893 
           -509.02049               4.78741            -504.23308             385.80072 
           -508.82731               4.69789            -504.12942             378.58606 
           -508.70631               4.64254            -504.06377             374.12545 
           -509.32657               5.32154            -504.00503             428.84395 
           -510.01407               6.09151            -503.92256             490.89324 
           -509.89243               6.06689            -503.82554             488.90921 
           -509.38719               5.61025            -503.77694             452.10991 
           -509.06979               5.24917            -503.82062             423.01211 
           -509.04782               5.05385            -503.99397             407.27140 
           -508.71394               4.39066            -504.32328             353.82737 
           -509.11497               4.33318            -504.78179             349.19537 
           -509.24540               4.02606            -505.21934             324.44578 
           -508.91428               3.33213            -505.58215             268.52436 
           -509.65739               3.76105            -505.89634             303.09002 
           -509.77398               3.63363            -506.14034             292.82165 
           -509.36887               3.05856            -506.31031             246.47827 
           -509.44004               3.03029            -506.40975             244.20042 
           -509.42135               2.97448            -506.44687             239.70265 
           -509.46591               3.02409            -506.44182             243.70049 
           -509.72974               3.32208            -506.40767             267.71437 
           -509.96403               3.59540            -506.36864             289.74013 
           -509.94248               3.61474            -506.32774             291.29894 
           -509.79709               3.54776            -506.24933             285.90131 
           -509.83082               3.72858            -506.10223             300.47314 
           -509.72136               3.86500            -505.85636             311.46622 
           -509.69976               4.18030            -505.51946             336.87551 
           -509.47223               4.32825            -505.14398             348.79859 
           -509.50591               4.72948            -504.77643             381.13201 
           -509.72742               5.30875            -504.41867             427.81304 
           -509.82803               5.74777            -504.08026             463.19250 
           -510.66312               6.81201            -503.85111             548.95579 
           -510.66929               6.92053            -503.74876             557.70123 
           -510.52682               6.77313            -503.75369             545.82262 
           -510.69591               6.85404            -503.84187             552.34281 
           -509.96767               6.01463            -503.95304             484.69803 
           -510.39028               6.30497            -504.08532             508.09488 
           -510.84925               6.62522            -504.22402             533.90297 
           -510.08768               5.71410            -504.37358             460.47890 
           -509.87378               5.30506            -504.56872             427.51597 
           -510.07861               5.27885            -504.79976             425.40360 
           -510.17236               5.12142            -505.05095             412.71667 
           -510.35868               5.02711            -505.33157             405.11697 
           -510.42584               4.76927            -505.65657             384.33852 
           -510.78010               4.75011            -506.02999             382.79459 
           -511.06650               4.66946            -506.39704             376.29509 
           -511.09287               4.40119            -506.69169             354.67600 
           -511.01049               4.15358            -506.85690             334.72248 
           -511.10192               4.20848            -506.89344             339.14620 
           -511.31947               4.49643            -506.82305             362.35125 
           -511.23602               4.57620            -506.65982             368.77989 
           -511.52518               5.07084            -506.45434             408.64060 
           -511.38633               5.16070            -506.22563             415.88251 
           -510.93442               4.95434            -505.98008             399.25252 
           -511.26608               5.51490            -505.75119             444.42577 
           -511.05136               5.51196            -505.53941             444.18904 
           -510.85120               5.51763            -505.33358             444.64595 
           -511.08749               6.01127            -505.07622             484.42693 
           -511.12891               6.39353            -504.73538             515.23217 
           -511.04472               6.68156            -504.36316             538.44317 
           -511.26548               7.24092            -504.02456             583.51985 
           -512.15038               8.38511            -503.76526             675.72651 
           -512.40449               8.81415            -503.59034             710.30108 
           -512.13721               8.62052            -503.51669             694.69721 
           -512.55702               8.97952            -503.57750             723.62760 
           -512.39352               8.65705            -503.73647             697.64121 
           -511.83389               7.86624            -503.96765             633.91208 
           -511.96945               7.70083            -504.26862             620.58221 
           -512.02969               7.44417            -504.58553             599.89891 
           -511.98029               7.09828            -504.88200             572.02533 
           -512.03338               6.88703            -505.14635             555.00130 
           -512.38979               7.00671            -505.38308             564.64588 
           -512.31963               6.71058            -505.60905             540.78168 
           -512.50412               6.64595            -505.85818             535.57316 
           -512.47433               6.38548            -506.08886             514.58277 
           -512.39713               6.11350            -506.28363             492.66556 
           -513.01679               6.54850            -506.46829             527.72060 
           -512.97758               6.36373            -506.61386             512.83003 
           -512.95777               6.26514            -506.69263             504.88557 
           -513.09620               6.42525            -506.67094             517.78817 
           -512.82944               6.29604            -506.53340             507.37516 
           -513.22969               6.91497            -506.31472             557.25284 
           -513.41528               7.38956            -506.02572             595.49866 
           -513.10303               7.41289            -505.69014             597.37817 
           -513.40382               8.03528            -505.36853             647.53499 
           -513.10972               8.04898            -505.06074             648.63859 
           -512.95454               8.17957            -504.77497             659.16278 
           -513.31935               8.78930            -504.53004             708.29877 
           -513.52318               9.19206            -504.33111             740.75570 
           -513.90945               9.73471            -504.17475             784.48551 
           -514.26866              10.23914            -504.02952             825.13606 
           -514.13674              10.25003            -503.88671             826.01344 
           -514.16530              10.38932            -503.77598             837.23841 
           -514.48296              10.75346            -503.72950             866.58314 
           -514.26173              10.49680            -503.76493             845.89999 
           -514.16194              10.26188            -503.90006             826.96856 
           -514.19459              10.07304            -504.12155             811.75075 
           -513.84215               9.43096            -504.41119             760.00742 
           -514.03046               9.26912            -504.76134             746.96575 
           -514.11001               8.98418            -505.12583             724.00273 
           -514.03174               8.53686            -505.49488             687.95530 
           -515.02475               9.14858            -505.87618             737.25125 
           -515.29164               9.10915            -506.18249             734.07398 
           -514.84393               8.46620            -506.37772             682.26127 
           -515.42926               8.93555            -506.49371             720.08416 
           -515.69355               9.14268            -506.55086             736.77639 
           -515.74477               9.15306            -506.59171             737.61265 
           -516.15000               9.51831            -506.63169             767.04675 
           -516.73660              10.06981            -506.66679             811.49009 
           -517.17902              10.51539            -506.66363             847.39761 
           -517.61820              11.04809            -506.57011             890.32600 
           -518.13702              11.77739            -506.35963             949.09759 
           -518.87551              12.81907            -506.05643            1033.04358 
           -520.05149              14.34089            -505.71060            1155.68107 
           -521.49339              16.13754            -505.35584            1300.46704 
           -523.15570              18.11868            -505.03702            1460.12008 
           -523.84249              19.06285            -504.77965            1536.20697 
           -522.98437              18.41870            -504.56568            1484.29712 
           -523.69148              19.27721            -504.41427            1553.48201 
           -524.45420              20.18234            -504.27186            1626.42274 
           -526.48450              22.31704            -504.16746            1798.45085 
           -526.35834              22.31563            -504.04271            1798.33742 
           -526.07061              22.14281            -503.92780            1784.41016 
           -526.77867              22.90275            -503.87593            1845.65076 
           -525.09721              21.18255            -503.91466            1707.02605 
           -526.11047              22.00075            -504.10972            1772.96206 
           -525.94495              21.56551            -504.37944            1737.88781 
           -529.57547              24.62709            -504.94838            1984.60934 
           -530.22271              24.53053            -505.69218            1976.82842 
           -532.51727              25.76367            -506.75360            2076.20277 
           -530.46132              22.33202            -508.12930            1799.65805 
           -528.22762              18.79809            -509.42953            1514.87151 
           -526.70148              16.43016            -510.27132            1324.04809 
           -520.94315              10.18192            -510.76122             820.52508 
           -528.40435              16.94500            -511.45935            1365.53688 
           -529.99834              17.23138            -512.76695            1388.61575 
           -526.68351              12.11020            -514.57331             975.91774 
           -528.36246              12.73407            -515.62839            1026.19330 
           -534.53513              18.19336            -516.34177            1466.13793 
           -525.46862               8.68731            -516.78131             700.07900 
           -535.53608              17.99957            -517.53651            1450.52128 
           -533.89243              16.06840            -517.82403            1294.89503 
           -533.90899              15.61497            -518.29402            1258.35455 
           -535.14646              15.95791            -519.18855            1285.99130 
           -541.22215              20.76021            -520.46193            1672.99163 
           -539.69157              18.40863            -521.28294            1483.48616 
           -536.41280              14.45718            -521.95562            1165.05266 
           -540.05594              17.44251            -522.61343            1405.62984 
           -541.30289              18.45672            -522.84617            1487.36147 
           -537.16351              14.55023            -522.61328            1172.55097 
           -536.88467              14.64685            -522.23783            1180.33722 
           -539.51691              17.73628            -521.78062            1429.30398 
           -537.65219              16.52137            -521.13082            1331.39826 
           -536.33206              15.84057            -520.49149            1276.53549 
           -533.82283              13.68884            -520.13399            1103.13484 
           -529.33103               9.26288            -520.06815             746.46228 
           -531.97012              11.78595            -520.18417             949.78767 
           -534.44393              14.25557            -520.18836            1148.80534 
           -533.62621              13.68046            -519.94574            1102.45974 
           -535.55231              15.95455            -519.59776            1285.72006 
           -534.87744              15.62512            -519.25232            1259.17301 
           -531.30608              12.33933            -518.96674             994.38291 
           -531.34079              12.52433            -518.81646            1009.29118 
           -530.87860              11.98625            -518.89235             965.92908 
           -529.25736               9.96635            -519.29102             803.15231 
           -532.40444              12.48126            -519.92318            1005.82022 
           -532.10131              11.65693            -520.44439             939.39022 
           -527.65941               6.82128            -520.83813             549.70246 
           -528.17506               6.89737            -521.27768             555.83460 
           -533.92238              12.06204            -521.86034             972.03708 
           -535.81002              13.43531            -522.37471            1082.70392 
           -532.43263               9.96947            -522.46316             803.40425 
           -533.12366              10.91944            -522.20422             879.95864 
           -533.61632              11.87772            -521.73860             957.18306 
           -536.13965              14.91043            -521.22922            1201.57814 
           -540.42049              19.66283            -520.75766            1584.55759 
           -534.68976              14.43882            -520.25093            1163.57335 
           -534.69951              14.77475            -519.92477            1190.64415 
           -536.77288              17.16032            -519.61256            1382.88922 
           -539.92305              20.70361            -519.21944            1668.43029 
           -539.26897              20.75642            -518.51255            1672.68614 
           -535.00061              17.10611            -517.89450            1378.52015 
           -532.62357              15.15332            -517.47025            1221.15250 
           -536.09932              18.90151            -517.19781            1523.20546 
           -530.94896              14.42195            -516.52701            1162.21358 
           -533.37641              18.24263            -515.13379            1470.10847 
           -535.96325              22.31627            -513.64698            1798.38895 
           -525.97528              13.07339            -512.90189            1053.53763 
           -527.86896              15.26717            -512.60179            1230.32656 
           -524.11815              12.32393            -511.79422             993.14178 
           -527.17978              16.88270            -510.29708            1360.51658 
           -527.11555              17.88937            -509.22618            1441.64083 
           -521.84529              13.35470            -508.49058            1076.20813 
           -524.30784              16.96654            -507.34130            1367.27313 
           -519.84387              14.35519            -505.48868            1156.83371 
           -522.21171              17.13528            -505.07644            1380.87092 
           -519.65183              14.61410            -505.03773            1177.69869 
           -525.88932              20.81387            -505.07545            1677.31591 
           -518.21709              14.07164            -504.14546            1133.98299 
           -523.69003              20.72216            -502.96787            1669.92516 
           -524.32833              22.09678            -502.23154            1780.70108 
           -527.11490              25.32639            -501.78851            2040.96359 
           -524.54143              23.48129            -501.06015            1892.27320 
           -521.53726              21.54634            -499.99092            1736.34312 
           -521.94491              22.91065            -499.03426            1846.28776 
           -519.10838              20.87032            -498.23805            1681.86508 
           -517.68979              20.22795            -497.46183            1630.09873 
           -518.68457              22.08623            -496.59833            1779.85087 
           -517.73606              21.98845            -495.74761            1771.97125 
           -513.83149              18.73106            -495.10043            1509.46912 
           -510.35161              15.68097            -494.67064            1263.67351 
           -510.36957              16.00911            -494.36046            1290.11732 
           -509.15236              15.14561            -494.00675            1220.53098 
           -506.31671              12.74151            -493.57520            1026.79292 
           -504.73516              11.53654            -493.19862             929.68846 
           -502.68375               9.75131            -492.93244             785.82302 
           -501.15252               8.39757            -492.75496             676.73004 
           -501.38474               8.77177            -492.61297             706.88595 
           -501.46673               8.98932            -492.47740             724.41768 
           -499.69214               7.36872            -492.32341             593.81931 
           -499.06716               6.88521            -492.18195             554.85481 
           -498.73083               6.71529            -492.01555             541.16107 
           -499.27775               7.43639            -491.84136             599.27190 
           -500.00952               8.33813            -491.67139             671.94060 
           -499.63831               8.13182            -491.50650             655.31404 
           -499.62915               8.29477            -491.33438             668.44596 
           -502.11504              10.94301            -491.17202             881.85846 
           -503.75052              12.72718            -491.02334            1025.63782 
           -503.55614              12.60846            -490.94768            1016.07100 
           -503.07330              12.14439            -490.92890             978.67357 
           -503.54280              12.62608            -490.91672            1017.49115 
           -505.29110              14.39903            -490.89207            1160.36651 
           -508.20936              17.36297            -490.84639            1399.22030 
           -511.12410              20.35599            -490.76811            1640.41651 
           -512.22838              21.56194            -490.66644            1737.60022 
           -513.57692              22.89167            -490.68525            1844.75849 
           -516.36367              25.49535            -490.86832            2054.57977 
           -519.12876              28.00483            -491.12393            2256.80964 
           -521.63818              30.24101            -491.39717            2437.01529 
           -524.25008              32.48001            -491.77006            2617.44865 
           -527.29935              34.99887            -492.30048            2820.43432 
           -529.86264              37.05820            -492.80444            2986.38859 
           -529.67210              36.49575            -493.17634            2941.06285 
           -527.14163              33.87215            -493.26948            2729.63611 
           -530.44037              37.41288            -493.02749            3014.97060 
           -533.74433              41.05763            -492.68670            3308.68838 
           -527.43183              35.07956            -492.35227            2826.93650 
           -520.72841              29.15132            -491.57710            2349.20090 
           -519.77638              28.91417            -490.86221            2330.08973 
           -524.09180              33.62175            -490.47005            2709.45745 
           -520.43905              30.38591            -490.05313            2448.69255 
           -519.11297              29.12883            -489.98414            2347.38885 
           -521.88468              32.00716            -489.87752            2579.34345 
           -523.54040              33.72519            -489.81522            2717.79274 
           -525.94526              35.96576            -489.97950            2898.35287 
           -530.94002              40.51016            -490.42986            3264.56971 
           -518.75493              28.06465            -490.69028            2261.63001 
           -523.76961              32.44599            -491.32363            2614.70654 
           -523.22982              31.25864            -491.97118            2519.02234 
           -524.12888              31.25539            -492.87349            2518.76081 
           -526.03345              32.16785            -493.86560            2592.29250 
           -522.47867              28.09994            -494.37873            2264.47430 
           -528.81521              34.03964            -494.77557            2743.13350 
           -526.12047              31.06965            -495.05082            2503.79249 
           -529.22028              33.54570            -495.67458            2703.32875 
           -534.72330              38.23666            -496.48664            3081.35604 
           -530.81787              34.09363            -496.72424            2747.48426 
           -531.36578              34.79935            -496.56643            2804.35537 
           -529.37109              33.20971            -496.16138            2676.25232 
           -526.21500              30.65049            -495.56451            2470.01414 
           -527.52606              32.65551            -494.87055            2631.59120 
           -517.66119              23.60197            -494.05922            1901.99872 
           -515.80695              22.35669            -493.45026            1801.64593 
           -518.55080              25.64624            -492.90455            2066.73953 
           -517.66176              25.18386            -492.47790            2029.47726 
           -513.77381              21.56019            -492.21362            1737.45884 
           -510.23245              18.20940            -492.02305            1467.43078 
           -511.90712              20.00596            -491.90116            1612.20887 
           -511.62271              19.92568            -491.69702            1605.74002 
           -511.08647              19.69739            -491.38908            1587.34260 
           -509.67025              18.85751            -490.81274            1519.65947 
           -507.88560              17.82850            -490.05710            1436.73542 
           -508.50539              18.98228            -489.52311            1529.71447 
           -510.05936              20.84415            -489.21522            1679.75559 
           -509.57702              20.60038            -488.97664            1660.11121 
           -509.38206              20.59921            -488.78285            1660.01679 
           -509.52523              20.90340            -488.62183            1684.53046 
           -508.73668              20.21162            -488.52506            1628.78233 
           -509.97033              21.42947            -488.54086            1726.92490 
           -512.41552              23.75360            -488.66192            1914.21772 
           -512.10882              23.41794            -488.69089            1887.16818 
           -515.69095              27.00984            -488.68110            2176.62713 
           -512.76185              24.35088            -488.41097            1962.35111 
           -512.76103              24.67897            -488.08205            1988.79054 
           -514.62593              26.89572            -487.73021            2167.43017 
           -513.63332              26.20137            -487.43196            2111.47501 
           -511.44597              24.24126            -487.20472            1953.51664 
           -513.25675              26.07809            -487.17866            2101.54074 
           -511.80072              24.60526            -487.19546            1982.85069 
           -511.72084              24.44390            -487.27694            1969.84719 
           -512.51615              25.32957            -487.18657            2041.22024 
           -513.06305              26.05398            -487.00907            2099.59738 
           -506.00750              19.38767            -486.61982            1562.38356 
           -508.66682              22.32268            -486.34415            1798.90496 
           -508.25452              22.28853            -485.96599            1796.15305 
           -508.61185              22.92448            -485.68737            1847.40244 
           -506.42451              21.31964            -485.10487            1718.07396 
           -508.71134              24.49172            -484.21962            1973.70070 
           -509.40474              26.26358            -483.14116            2116.48836 
           -505.52424              23.43693            -482.08731            1888.69892 
           -506.84550              25.47637            -481.36913            2053.04979 
           -502.72392              22.45284            -480.27108            1809.39465 
           -504.68796              25.38725            -479.30070            2045.86852 
           -504.28432              25.80055            -478.48377            2079.17423 
           -500.56647              22.83637            -477.73010            1840.30167 
           -499.18247              22.35473            -476.82774            1801.48808 
           -498.74372              23.08669            -475.65703            1860.47396 
           -504.41681              29.64808            -474.76873            2389.23356 
           -502.26027              28.22275            -474.03752            2274.37092 
           -498.98790              25.58798            -473.39992            2062.04425 
           -499.10686              26.40879            -472.69806            2128.19044 
           -498.16750              26.21689            -471.95060            2112.72609 
           -501.10532              29.72975            -471.37557            2395.81510 
           -501.54480              30.66825            -470.87656            2471.44497 
           -501.82915              31.24954            -470.57960            2518.28953 
           -499.24990              28.91411            -470.33579            2330.08537 
           -497.65348              27.41056            -470.24292            2208.91969 
           -496.36880              26.18577            -470.18303            2110.21764 
           -499.10193              28.99437            -470.10756            2336.55275 
           -497.10820              27.22676            -469.88144            2194.10771 
           -495.04694              25.48523            -469.56172            2053.76360 
           -497.10915              27.76800            -469.34115            2237.72443 
           -495.77999              26.58203            -469.19796            2142.15116 
           -492.57958              23.46492            -469.11466            1890.95402 
           -492.63314              23.60379            -469.02935            1902.14529 
           -494.69352              25.68764            -469.00588            2070.07572 
           -491.55329              22.50404            -469.04925            1813.52033 
           -489.59863              20.52219            -469.07644            1653.81003 
           -490.64389              21.66371            -468.98018            1745.80121 
           -491.61048              22.70270            -468.90778            1829.52980 
           -489.49804              20.68427            -468.81377            1666.87191 
           -491.49910              22.82443            -468.67467            1839.33948 
           -489.86728              21.54917            -468.31811            1736.57119 
           -489.35864              21.47337            -467.88527            1730.46272 
           -491.31324              23.71522            -467.59802            1911.12533 
           -491.68655              24.40747            -467.27908            1966.91142 
           -489.52604              22.38468            -467.14136            1803.90147 
           -489.90289              22.76517            -467.13773            1834.56364 
           -495.56502              28.39896            -467.16606            2288.57095 
           -492.36186              25.33443            -467.02743            2041.61164 
           -492.88106              25.88902            -466.99205            2086.30367 
           -496.42524              29.36231            -467.06293            2366.20384 
           -499.70745              32.60664            -467.10081            2627.65336 
           -500.22078              33.14901            -467.07177            2671.36059 
           -497.32981              30.49179            -466.83802            2457.22444 
           -500.07611              33.42706            -466.64905            2693.76749 
           -500.36105              33.91791            -466.44313            2733.32400 
           -501.89400              35.66071            -466.23328            2873.77009 
           -503.33046              37.31728            -466.01318            3007.26705 
           -503.20054              37.38705            -465.81349            3012.88912 
           -507.71873              41.93666            -465.78207            3379.52651 
           -513.10019              47.42742            -465.67277            3822.00682 
           -514.29067              48.76560            -465.52507            3929.84638 
           -514.04167              48.46178            -465.57989            3905.36256 
           -517.96364              52.05599            -465.90764            4195.00727 
           -517.34469              51.04628            -466.29841            4113.63826 
           -509.41679              42.67811            -466.73868            3439.27707 
           -509.33680              41.82577            -467.51103            3370.58971 
           -513.90751              45.52029            -468.38722            3668.31822 
           -519.14891              50.06348            -469.08543            4034.43796 
           -512.01929              42.50992            -469.50937            3425.72283 
           -515.13916              45.27696            -469.86220            3648.70927 
           -508.08869              38.52535            -469.56334            3104.62074 
           -511.27855              42.31860            -468.95995            3410.30543 
           -516.77833              48.46063            -468.31770            3905.26969 
           -506.57133              38.98367            -467.58766            3141.55550 
           -504.98341              37.87133            -467.11208            3051.91592 
           -510.56920              43.82682            -466.74238            3531.84728 
           -510.99986              44.74030            -466.25956            3605.46175 
           -505.79079              40.16670            -465.62409            3236.89139 
           -506.45950              41.12019            -465.33931            3313.72983 
           -500.99064              36.37643            -464.61421            2931.44672 
           -511.74096              48.24176            -463.49920            3887.63210 
           -509.84870              47.78026            -462.06844            3850.44116 
           -512.50579              51.46609            -461.03970            4147.46872 
           -502.82032              42.69464            -460.12567            3440.60943 
           -504.11333              44.53594            -459.57739            3588.99318 
           -506.21178              47.09962            -459.11216            3795.59100 
           -510.28336              51.46758            -458.81579            4147.58877 
           -507.17190              48.57169            -458.60021            3914.21997 
           -498.06168              39.73254            -458.32914            3201.90391 
           -502.82144              44.62571            -458.19573            3596.22711 
           -502.69807              44.80771            -457.89036            3610.89389 
           -502.10947              44.48989            -457.61958            3585.28198 
           -499.33132              42.02594            -457.30538            3386.72126 
           -498.11926              41.28188            -456.83739            3326.75952 
           -495.77271              39.30594            -456.46677            3167.52568 
           -495.23550              38.87550            -456.36000            3132.83791 
           -494.40875              38.12191            -456.28684            3072.10909 
           -491.75847              35.70014            -456.05834            2876.94690 
           -490.30856              34.55182            -455.75674            2784.40847 
           -490.42339              35.06276            -455.36063            2825.58268 
           -489.13204              34.48195            -454.65009            2778.77733 
           -487.66771              33.29669            -454.37102            2683.26165 
           -483.63125              29.38565            -454.24559            2368.08524 
           -486.10775              31.92622            -454.18153            2572.82047 
           -489.15387              35.03416            -454.11970            2823.27854 
           -484.92727              30.92865            -453.99862            2492.42972 
           -483.81960              30.01274            -453.80686            2418.61960 
           -485.07418              31.63167            -453.44251            2549.08353 
           -480.89804              28.18389            -452.71416            2271.23912 
           -480.98448              28.69005            -452.29442            2312.02924 
           -482.61014              30.54714            -452.06300            2461.68523 
           -484.47571              32.56567            -451.91004            2624.35158 
           -484.00800              32.23975            -451.76826            2598.08652 
           -483.71816              31.95262            -451.76554            2574.94808 
           -477.44809              25.78568            -451.66241            2077.97631 
           -480.63672              29.08130            -451.55542            2343.55876 
           -485.95360              34.52766            -451.42593            2782.46156 
           -487.38362              36.15836            -451.22526            2913.87359 
           -482.70529              31.99869            -450.70660            2578.66061 
           -481.98177              31.69519            -450.28659            2554.20237 
           -485.87800              36.01470            -449.86330            2902.29651 
           -482.46602              33.00376            -449.46226            2659.65561 
           -483.85904              34.65656            -449.20248            2792.84896 
           -488.47693              39.50901            -448.96792            3183.89037 
           -489.44246              40.40105            -449.04141            3255.77698 
           -490.43923              40.98170            -449.45753            3302.56939 
           -482.55637              32.68449            -449.87188            2633.92649 
           -486.01057              35.61011            -450.40046            2869.69204 
           -486.89413              36.16982            -450.72431            2914.79743 
           -493.27287              42.37736            -450.89551            3415.04095 
           -490.97036              40.02483            -450.94553            3225.45868 
           -489.64013              38.45709            -451.18305            3099.11970 
           -488.67813              37.33655            -451.34158            3008.81959 
           -489.78890              38.34804            -451.44086            3090.33185 
           -485.95803              34.49593            -451.46209            2779.90445 
           -488.91026              37.66622            -451.24404            3035.38648 
           -495.63475              44.73051            -450.90424            3604.67254 
           -494.71238              44.09015            -450.62223            3553.06806 
           -483.90478              33.52644            -450.37833            2701.77658 
           -482.30286              31.95324            -450.34963            2574.99755 
           -483.85753              33.65194            -450.20559            2711.88997 
           -491.69335              41.55986            -450.13349            3349.16083 
           -489.25994              39.45737            -449.80258            3179.72873 
           -496.55403              47.00403            -449.55000            3787.88719 
           -489.49104              40.61586            -448.87518            3273.08746 
           -487.64893              39.20532            -448.44361            3159.41737 
           -492.16032              44.06773            -448.09259            3551.26163 
           -497.33208              49.49339            -447.83869            3988.49616 
           -498.60808              50.84168            -447.76641            4097.14972 
           -498.09671              50.35128            -447.74543            4057.63029 
           -498.63942              50.80110            -447.83832            4093.87998 
           -492.25208              44.38078            -447.87131            3576.48891 
           -504.06235              55.83242            -448.22993            4499.33580 
           -499.36445              51.25069            -448.11376            4130.11080 
           -499.02762              50.75403            -448.27359            4090.08657 
           -494.77315              46.21794            -448.55521            3724.53970 
           -494.85572              46.06447            -448.79125            3712.17147 
           -495.90540              46.64975            -449.25566            3759.33704 
           -495.64490              45.77430            -449.87059            3688.78826 
           -496.73919              46.23024            -450.50895            3725.53063 
           -500.25021              49.22892            -451.02129            3967.18384 
           -498.33196              47.53694            -450.79501            3830.83309 
           -502.26921              51.74783            -450.52138            4170.17355 
           -492.26717              42.21534            -450.05182            3401.98435 
           -500.52259              50.79614            -449.72645            4093.48007 
           -500.08829              50.52803            -449.56026            4071.87390 
           -501.92919              52.13888            -449.79031            4201.68672 
           -498.25175              48.18159            -450.07015            3882.78316 
           -498.24835              47.80060            -450.44775            3852.08017 
           -493.67341              42.87032            -450.80308            3454.76690 
           -498.54023              47.43061            -451.10961            3822.26441 
           -494.85512              44.07503            -450.78009            3551.84985 
           -497.26624              46.81048            -450.45577            3772.28969 
           -507.20715              56.74892            -450.45823            4573.19324 
           -496.77753              46.67860            -450.09893            3761.66225 
           -496.51818              46.50594            -450.01224            3747.74830 
           -498.42390              48.49309            -449.93081            3907.88555 
           -499.40753              49.92791            -449.47962            4023.51280 
           -495.77414              47.14662            -448.62753            3799.37798 
           -487.51142              39.83804            -447.67338            3210.40595 
           -497.58408              50.29296            -447.29111            4052.93095 
           -491.72212              45.12649            -446.59563            3636.58307 
           -502.03940              55.87441            -446.16498            4502.72016 
           -505.29211              59.57672            -445.71539            4801.07613 
           -497.72672              52.75681            -444.96991            4251.48344 
           -494.83981              50.47546            -444.36434            4067.63798 
           -485.34625              41.22144            -444.12481            3321.88944 
           -485.67667              41.46895            -444.20773            3341.83479 
           -496.79692              52.30827            -444.48865            4215.33739 
           -494.04045              49.47301            -444.56744            3986.85383 
           -497.94357              53.29524            -444.64833            4294.87354 
           -488.65365              44.08341            -444.57024            3552.52531 
           -488.20920              43.88137            -444.32783            3536.24348 
           -491.06267              47.28488            -443.77779            3810.52009 
           -485.21272              41.99318            -443.21953            3384.08108 
           -491.78190              49.06823            -442.71366            3954.23427 
           -498.07940              55.84342            -442.23598            4500.22259 
           -489.93618              47.96261            -441.97357            3865.13639 
           -479.44575              37.79004            -441.65571            3045.36497 
           -481.80481              40.28833            -441.51648            3246.69312 
           -487.13302              45.64630            -441.48672            3678.47286 
           -484.25113              43.13167            -441.11946            3475.82738 
           -488.34409              47.34627            -440.99782            3815.46702 
           -489.57743              48.82588            -440.75155            3934.70409 
           -488.78211              48.56212            -440.21999            3913.44856 
           -482.80072              43.01552            -439.78521            3466.46730 
           -477.81662              38.23009            -439.58652            3080.82699 
           -477.07057              37.73974            -439.33084            3041.31098 
           -479.95436              40.80814            -439.14623            3288.58249 
           -485.18203              45.89389            -439.28813            3698.42550 
           -480.99079              41.79921            -439.19158            3368.44959 
           -481.68485              42.53838            -439.14647            3428.01674 
           -482.30419              43.08030            -439.22389            3471.68809 
           -476.91679              37.70553            -439.21125            3038.55471 
           -480.66271              41.27140            -439.39131            3325.91510 
           -477.95439              38.46192            -439.49248            3099.50893 
           -475.15830              35.53917            -439.61914            2863.97504 
           -477.25793              37.47095            -439.78698            3019.65074 
           -473.53562              33.75211            -439.78351            2719.96241 
           -477.29540              37.42352            -439.87189            3015.82791 
           -482.51151              42.58533            -439.92618            3431.80036 
           -478.58806              38.93786            -439.65020            3137.86369 
           -471.83593              32.34515            -439.49077            2606.58090 
           -476.26834              36.79029            -439.47805            2964.79826 
           -478.66079              39.34151            -439.31928            3170.39202 
           -474.74658              35.56096            -439.18563            2865.73101 
           -479.36250              40.21341            -439.14909            3240.65596 
           -474.79892              36.00819            -438.79074            2901.77150 
           -471.61516              33.09261            -438.52255            2666.81570 
           -476.33329              37.96578            -438.36751            3059.52696 
           -474.67062              36.59596            -438.07466            2949.13811 
           -470.61946              33.14257            -437.47689            2670.84216 
           -479.97682              42.79678            -437.18004            3448.84004 
           -475.30731              38.38628            -436.92104            3093.41343 
           -477.06399              40.09403            -436.96997            3231.03490 
           -481.89790              44.78538            -437.11252            3609.09411 
           -480.17437              42.86243            -437.31194            3454.13055 
           -470.31584              32.87765            -437.43818            2649.49315 
           -480.52980              42.56491            -437.96488            3430.15483 
           -477.24350              38.82459            -438.41892            3128.73518 
           -478.97558              39.54977            -439.42581            3187.17522 
           -476.64085              36.65296            -439.98789            2953.73163 
           -484.82160              44.66627            -440.15533            3599.49596 
           -490.16641              50.02208            -440.14433            4031.10128 
           -486.29694              46.41198            -439.88496            3740.17658 
           -485.20958              45.56930            -439.64028            3672.26734 
           -484.05154              44.70853            -439.34301            3602.90115 
           -480.97074              41.92054            -439.05020            3378.22733 
           -479.98218              41.23811            -438.74407            3323.23245 
           -485.81539              47.54613            -438.26926            3831.57316 
           -491.14422              53.08481            -438.05942            4277.91554 
           -480.68571              42.82444            -437.86127            3451.06887 
           -485.49667              47.47991            -438.01675            3826.23722 
           -490.74920              52.65395            -438.09524            4243.19466 
           -493.38301              55.11743            -438.26558            4441.71748 
           -494.38384              56.07984            -438.30400            4519.27448 
           -492.09583              53.85648            -438.23935            4340.10207 
           -484.86592              46.67683            -438.18909            3761.51962 
           -494.02344              55.64823            -438.37521            4484.49284 
           -501.15244              62.37039            -438.78205            5026.20747 
