           -509.50283               0.41901            -509.08383              33.76621 
           -509.35428               0.47189            -508.88239              38.02832 
           -509.61520               1.01676            -508.59843              81.93721 
           -509.58153               1.30745            -508.27408             105.36303 
           -509.44412               1.50386            -507.94027             121.19049 
           -509.26007               1.65590            -507.60417             133.44293 
           -508.85199               1.58586            -507.26614             127.79843 
           -508.71641               1.78392            -506.93249             143.76011 
           -508.92863               2.32832            -506.60031             187.63075 
           -509.20606               2.93721            -506.26885             236.69958 
           -509.59043               3.63093            -505.95950             292.60412 
           -509.88141               4.17714            -505.70426             336.62105 
           -510.00013               4.47867            -505.52145             360.92048 
           -510.12246               4.70481            -505.41766             379.14353 
           -509.98238               4.58732            -505.39506             369.67565 
           -509.70304               4.23710            -505.46594             341.45241 
           -509.55039               3.91250            -505.63789             315.29432 
           -509.34451               3.44462            -505.89989             277.58931 
           -509.19338               2.95808            -506.23531             238.38095 
           -509.12647               2.49961            -506.62686             201.43466 
           -509.04983               1.99579            -507.05404             160.83361 
           -509.13109               1.64820            -507.48289             132.82240 
           -509.23220               1.36255            -507.86965             109.80302 
           -509.27551               1.08153            -508.19398              87.15637 
           -509.54132               1.08386            -508.45746              87.34475 
           -509.89982               1.22419            -508.67563              98.65339 
           -510.08777               1.21449            -508.87329              97.87124 
           -510.16622               1.10961            -509.05661              89.41945 
           -510.15600               0.95746            -509.19854              77.15855 
           -510.08868               0.84155            -509.24713              67.81762 
           -510.05584               0.90014            -509.15571              72.53871 
           -509.95006               1.02745            -508.92262              82.79814 
           -509.78522               1.19441            -508.59081              96.25306 
           -509.68853               1.48605            -508.20248             119.75549 
           -509.53236               1.74845            -507.78391             140.90150 
           -509.43452               2.07007            -507.36444             166.81974 
           -509.41190               2.44289            -506.96901             196.86349 
           -509.35739               2.75426            -506.60313             221.95601 
           -509.43975               3.17238            -506.26736             255.65107 
           -509.72697               3.75066            -505.97631             302.25206 
           -510.02948               4.27685            -505.75264             344.65595 
           -510.32546               4.71493            -505.61053             379.95960 
           -510.69915               5.15421            -505.54494             415.35937 
           -510.87393               5.34112            -505.53281             430.42167 
           -510.74657               5.19342            -505.55315             418.51943 
           -510.48080               4.87321            -505.60759             392.71498 
           -510.13199               4.40872            -505.72327             355.28285 
           -509.88435               3.93237            -505.95198             316.89608 
           -509.75162               3.42437            -506.32725             275.95777 
           -509.77416               2.96398            -506.81019             238.85640 
           -509.91519               2.60176            -507.31343             209.66633 
           -510.16467               2.38836            -507.77632             192.46919 
           -510.41049               2.24415            -508.16634             180.84811 
           -510.51456               2.04913            -508.46543             165.13186 
           -510.56319               1.88659            -508.67660             152.03367 
           -510.61078               1.79577            -508.81501             144.71464 
           -510.64282               1.74474            -508.89809             140.60201 
           -510.75114               1.81800            -508.93314             146.50626 
           -510.86849               1.95514            -508.91335             157.55747 
           -510.87245               2.04338            -508.82906             164.66898 
           -510.87423               2.19882            -508.67541             177.19539 
           -510.83612               2.38739            -508.44873             192.39139 
           -510.66771               2.51642            -508.15130             202.78903 
           -510.54456               2.74994            -507.79462             221.60750 
           -510.43445               3.03382            -507.40063             244.48455 
           -510.32431               3.33691            -506.98740             268.90971 
           -510.51926               3.95840            -506.56087             318.99309 
           -510.73256               4.59466            -506.13790             370.26759 
           -510.96659               5.19443            -505.77215             418.60097 
           -511.39122               5.86988            -505.52133             473.03293 
           -511.61751               6.21399            -505.40352             500.76310 
           -511.75947               6.34640            -505.41307             511.43359 
           -511.80544               6.29061            -505.51483             506.93821 
           -511.61844               5.95646            -505.66198             480.01016 
           -511.48467               5.65297            -505.83170             455.55270 
           -511.25556               5.22884            -506.02671             421.37394 
           -510.88835               4.62627            -506.26208             372.81477 
           -510.81942               4.27168            -506.54773             344.23976 
           -510.86595               3.99146            -506.87449             321.65724 
           -510.90920               3.67425            -507.23495             296.09465 
           -511.26212               3.62900            -507.63312             292.44820 
           -511.52961               3.46508            -508.06453             279.23853 
           -511.67038               3.17344            -508.49694             255.73629 
           -512.01012               3.14186            -508.86826             253.19115 
           -512.17517               3.04337            -509.13180             245.25433 
           -512.17323               2.89882            -509.27441             233.60537 
           -512.25733               2.96240            -509.29493             238.72903 
           -512.31823               3.11199            -509.20624             250.78436 
           -512.35957               3.33126            -509.02831             268.45441 
           -512.40625               3.62910            -508.77715             292.45592 
           -512.18434               3.72227            -508.46207             299.96422 
           -511.97745               3.86925            -508.10820             311.80915 
           -511.89325               4.14243            -507.75082             333.82337 
           -511.77742               4.36994            -507.40748             352.15801 
           -511.80882               4.73609            -507.07273             381.66487 
           -511.85508               5.12384            -506.73124             412.91201 
           -511.99242               5.60544            -506.38698             451.72248 
           -512.36522               6.30409            -506.06113             508.02442 
           -512.74020               6.97106            -505.76914             561.77279 
           -513.02029               7.49559            -505.52470             604.04291 
           -513.23572               7.87812            -505.35761             634.86933 
           -513.36972               8.05841            -505.31131             649.39832 
           -513.37187               7.96681            -505.40506             642.01684 
           -513.25353               7.63755            -505.61597             615.48331 
           -513.14115               7.23233            -505.90882             582.82752 
           -512.88209               6.63741            -506.24468             534.88488 
           -512.70337               6.11057            -506.59281             492.42886 
           -512.67881               5.74754            -506.93127             463.17340 
           -512.72379               5.45680            -507.26699             439.74393 
           -512.98597               5.36486            -507.62110             432.33525 
           -513.24741               5.26936            -507.97806             424.63875 
           -513.52518               5.22370            -508.30148             420.95909 
           -513.75253               5.18168            -508.57086             417.57287 
           -513.83840               5.05538            -508.78302             407.39508 
           -513.93611               4.99814            -508.93797             402.78234 
           -514.00506               4.97976            -509.02530             401.30102 
           -513.94952               4.91930            -509.03022             396.42868 
           -513.92382               4.98255            -508.94127             401.52605 
           -514.04788               5.29475            -508.75313             426.68491 
           -514.12456               5.66042            -508.46414             456.15322 
           -514.15174               6.06095            -508.09079             488.43037 
           -514.09482               6.42205            -507.67276             517.53048 
           -513.87663               6.62802            -507.24861             534.12834 
           -513.79167               6.94558            -506.84609             559.71930 
           -513.88172               7.39788            -506.48384             596.16845 
           -514.16286               7.97562            -506.18725             642.72648 
           -514.47490               8.51620            -505.95870             686.29052 
           -514.91404               9.13877            -505.77526             736.46117 
           -515.36809               9.74973            -505.61836             785.69607 
           -515.48186               9.98711            -505.49475             804.82553 
           -515.46462              10.02326            -505.44137             807.73865 
           -515.31657               9.83099            -505.48558             792.24427 
           -515.06487               9.42961            -505.63526             759.89849 
           -514.95581               9.06995            -505.88585             730.91521 
           -514.85870               8.64464            -506.21406             696.64052 
           -514.72587               8.13828            -506.58760             655.83485 
           -514.84693               7.86570            -506.98123             633.86898 
           -515.05672               7.67643            -507.38030             618.61578 
           -515.28304               7.50137            -507.78167             604.50837 
           -515.53125               7.36780            -508.16345             593.74480 
           -515.63989               7.14848            -508.49141             576.07018 
           -515.90891               7.15494            -508.75397             576.59131 
           -516.35750               7.41172            -508.94578             597.28450 
           -516.65645               7.59590            -509.06055             612.12628 
           -516.88945               7.78354            -509.10591             627.24793 
           -517.10144               8.00616            -509.09529             645.18758 
           -517.29932               8.26762            -509.03170             666.25787 
           -517.49679               8.59466            -508.90213             692.61344 
           -517.57177               8.88890            -508.68286             716.32510 
           -517.82054               9.44985            -508.37070             761.52956 
           -518.37017              10.38108            -507.98908             836.57452 
           -519.10284              11.53612            -507.56672             929.65486 
           -520.36205              13.22812            -507.13394            1066.00702 
           -522.09467              15.37025            -506.72442            1238.63378 
           -523.73016              17.35039            -506.37978            1398.20585 
           -524.13404              18.01061            -506.12343            1451.41078 
           -523.29925              17.36359            -505.93565            1399.27026 
           -524.87800              19.02610            -505.85190            1533.24554 
           -525.93141              20.13111            -505.80030            1622.29485 
           -528.21141              22.39659            -505.81482            1804.86124 
           -528.23997              22.41589            -505.82408            1806.41700 
           -527.49313              21.63484            -505.85828            1743.47511 
           -528.68113              22.67843            -506.00270            1827.57358 
           -528.54070              22.28984            -506.25086            1796.25875 
           -529.14882              22.57910            -506.56972            1819.56935 
           -530.17148              23.25378            -506.91770            1873.93957 
           -534.70181              27.20052            -507.50129            2191.99282 
           -535.86210              27.55763            -508.30446            2220.77157 
           -533.15520              23.74129            -509.41391            1913.22602 
           -528.13535              17.33947            -510.79587            1397.32655 
           -532.86455              20.56337            -512.30118            1657.12872 
           -525.57779              12.49078            -513.08701            1006.58750 
           -525.01398              11.38211            -513.63187             917.24360 
           -532.69830              18.32971            -514.36859            1477.12606 
           -525.44812               9.87089            -515.57724             795.45980 
           -528.53287              11.03732            -517.49555             889.45850 
           -533.01802              14.40862            -518.60939            1161.13979 
           -527.92682               8.79934            -519.12748             709.10748 
           -529.96729              10.44381            -519.52348             841.62941 
           -535.28607              15.43298            -519.85309            1243.68876 
           -533.37921              13.24513            -520.13408            1067.37782 
           -538.07193              17.03577            -521.03616            1372.85209 
           -538.17616              15.33436            -522.84180            1235.74126 
           -537.80637              13.67079            -524.13558            1101.68036 
           -540.04371              15.37754            -524.66617            1239.22157 
           -544.20375              19.23170            -524.97205            1549.81420 
           -538.61014              13.81250            -524.79764            1113.09995 
           -539.71058              15.35325            -524.35733            1237.26367 
           -544.05113              20.10117            -523.94996            1619.88160 
           -543.18293              19.59126            -523.59167            1578.78988 
           -539.72893              16.47460            -523.25433            1327.62951 
           -537.54242              14.51345            -523.02896            1169.58766 
           -537.45132              14.37357            -523.07775            1158.31491 
           -535.04248              11.85850            -523.18398             955.63470 
           -538.52784              15.23219            -523.29565            1227.50822 
           -540.71946              17.48969            -523.22977            1409.43203 
           -538.63496              15.66254            -522.97242            1262.18820 
           -536.43658              13.75910            -522.67748            1108.79699 
           -533.70929              11.25940            -522.44990             907.35463 
           -533.15172              10.82059            -522.33112             871.99316 
           -533.78357              11.41122            -522.37235             919.58997 
           -530.75043               8.04000            -522.71044             647.91465 
           -531.03203               7.49629            -523.53574             604.09936 
           -531.78092               7.45622            -524.32470             600.87053 
           -530.51304               5.74572            -524.76731             463.02751 
           -532.27040               7.18100            -525.08940             578.69112 
           -533.30745               8.00563            -525.30182             645.14533 
           -532.98582               7.79183            -525.19399             627.91553 
           -531.31505               6.73746            -524.57759             542.94754 
           -530.92280               6.98971            -523.93309             563.27589 
           -536.16419              12.58168            -523.58251            1013.91256 
           -538.11234              14.72865            -523.38369            1186.92983 
           -534.26848              10.98928            -523.27920             885.58694 
           -534.50440              11.17246            -523.33193             900.34901 
           -536.17305              12.79494            -523.37811            1031.09876 
           -540.16465              16.75219            -523.41247            1349.99914 
           -542.41994              19.07663            -523.34330            1537.31801 
           -537.72896              14.85103            -522.87793            1196.79191 
           -536.76307              14.71752            -522.04555            1186.03258 
           -539.64768              18.05231            -521.59537            1454.77152 
           -535.23132              13.86506            -521.36626            1117.33558 
           -539.23778              17.82811            -521.40967            1436.70424 
           -536.44059              15.06615            -521.37444            1214.12734 
           -536.42573              15.29433            -521.13140            1232.51544 
           -538.46324              18.06719            -520.39604            1455.97089 
           -531.38601              11.84828            -519.53773             954.81056 
           -531.34615              12.59925            -518.74690            1015.32833 
           -525.78904               8.73934            -517.04969             704.27255 
           -527.20010              12.05475            -515.14535             971.44936 
           -525.49304              11.31751            -514.17553             912.03785 
           -523.41551               9.92888            -513.48662             800.13340 
           -527.10522              14.84163            -512.26359            1196.03388 
           -523.34861              13.22704            -510.12157            1065.91980 
           -525.54521              16.43688            -509.10833            1324.58972 
           -517.12408               8.57008            -508.55400             690.63213 
           -521.68681              13.43358            -508.25324            1082.56427 
           -521.21701              13.69020            -507.52681            1103.24424 
           -521.77612              15.42294            -506.35318            1242.88015 
           -523.21683              17.97963            -505.23720            1448.91433 
           -527.02119              22.56201            -504.45918            1818.19220 
           -526.38702              22.91837            -503.46864            1846.91012 
           -523.26978              21.22793            -502.04185            1710.68365 
           -525.52682              24.66205            -500.86477            1987.42685 
           -522.83940              22.87350            -499.96590            1843.29359 
           -523.08021              23.95414            -499.12607            1930.37858 
           -522.13930              24.20492            -497.93438            1950.58844 
           -518.69765              22.08372            -496.61393            1779.64853 
           -517.68231              21.89541            -495.78691            1764.47295 
           -516.96053              21.62396            -495.33657            1742.59763 
           -513.51227              18.51505            -494.99722            1492.06198 
           -512.22349              17.52765            -494.69583            1412.49133 
           -511.75833              17.39761            -494.36072            1402.01160 
           -508.24770              14.33752            -493.91018            1155.40997 
           -505.51404              12.20568            -493.30836             983.61265 
           -505.83342              13.26868            -492.56474            1069.27586 
           -505.87942              14.01292            -491.86650            1129.25155 
           -503.81291              12.44526            -491.36765            1002.91904 
           -502.35038              11.33007            -491.02031             913.04992 
           -502.91948              12.23350            -490.68598             985.85440 
           -501.26154              11.11338            -490.14816             895.58776 
           -498.49726               9.13208            -489.36519             735.92144 
           -498.64146               9.84960            -488.79186             793.74392 
           -500.25681              11.73239            -488.52441             945.47187 
           -503.02116              14.63553            -488.38563            1179.42516 
           -501.50833              13.33423            -488.17409            1074.55828 
           -502.20127              14.25701            -487.94426            1148.92169 
           -506.32036              18.57090            -487.74946            1496.56242 
           -507.50530              19.93540            -487.56990            1606.52284 
           -506.00411              18.58010            -487.42401            1497.30439 
           -505.34795              17.99436            -487.35359            1450.10154 
           -504.95184              17.57005            -487.38179            1415.90785 
           -504.72225              17.25146            -487.47079            1390.23406 
           -507.63565              19.99516            -487.64049            1611.33856 
           -508.76772              20.86328            -487.90444            1681.29711 
           -508.31617              19.87029            -488.44588            1601.27609 
           -510.00258              20.79946            -489.20312            1676.15470 
           -512.92906              23.21492            -489.71413            1870.80788 
           -512.50090              22.56808            -489.93282            1818.68116 
           -514.11422              23.95001            -490.16422            1930.04576 
           -515.05785              24.51222            -490.54564            1975.35220 
           -516.13378              24.85034            -491.28344            2002.60065 
           -518.22254              26.02573            -492.19680            2097.32133 
           -518.83822              25.96326            -492.87496            2092.28661 
           -520.33386              27.00339            -493.33047            2176.10706 
           -526.95021              33.15150            -493.79870            2671.56159 
           -528.49786              34.28270            -494.21516            2762.72116 
           -530.29854              35.66184            -494.63670            2873.86114 
           -532.65944              37.72707            -494.93237            3040.29037 
           -531.15690              36.16423            -494.99267            2914.34684 
           -523.88964              29.38880            -494.50083            2368.33915 
           -527.15683              33.45145            -493.70538            2695.73292 
           -531.00626              37.89855            -493.10771            3054.10888 
           -524.44113              31.86457            -492.57656            2567.85241 
           -526.27067              33.90221            -492.36846            2732.05875 
           -520.41951              28.56455            -491.85497            2301.91503 
           -525.72580              34.43370            -491.29209            2774.88968 
           -529.84234              38.92961            -490.91274            3137.19839 
           -525.33925              34.72087            -490.61837            2798.03155 
           -527.43235              36.76347            -490.66888            2962.63724 
           -523.69219              32.73561            -490.95658            2638.04633 
           -519.69133              28.46537            -491.22596            2293.92266 
           -525.19347              33.63455            -491.55892            2710.48869 
           -517.29720              25.65658            -491.64062            2067.57226 
           -517.27680              25.32454            -491.95226            2040.81446 
           -525.14351              32.73778            -492.40573            2638.22152 
           -525.39563              32.53082            -492.86481            2621.54296 
           -529.07789              35.47895            -493.59894            2859.12229 
           -525.16544              31.07327            -494.09218            2504.08389 
           -530.57589              36.25261            -494.32327            2921.46921 
           -527.85030              34.02387            -493.82643            2741.86225 
           -529.63177              36.25938            -493.37239            2922.01424 
           -525.79791              33.28636            -492.51155            2682.42912 
           -531.02881              39.47211            -491.55669            3180.91726 
           -522.91006              32.08183            -490.82823            2585.36064 
           -526.61822              36.35840            -490.25982            2929.99435 
           -526.03815              36.30530            -489.73285            2925.71481 
           -519.04894              29.76067            -489.28827            2398.30613 
           -521.33377              32.33854            -488.99523            2606.04794 
           -515.31795              26.74504            -488.57290            2155.28793 
           -512.97151              24.75000            -488.22151            1994.51454 
           -513.45423              25.58818            -487.86605            2062.06025 
           -515.37519              27.81229            -487.56290            2241.29318 
           -513.89319              26.57631            -487.31688            2141.69000 
           -508.71484              21.66952            -487.04532            1746.26971 
           -511.40301              24.51095            -486.89206            1975.25061 
           -509.05450              22.37753            -486.67696            1803.32575 
           -508.61165              22.03422            -486.57743            1775.65952 
           -509.60780              23.01358            -486.59422            1854.58219 
           -505.41935              18.98619            -486.43316            1530.02986 
           -505.20876              19.16153            -486.04723            1544.15929 
           -505.88145              20.30393            -485.57752            1636.22154 
           -504.10818              19.04784            -485.06034            1534.99745 
           -504.52334              19.83833            -484.68501            1598.70079 
           -505.47499              21.01593            -484.45907            1693.59864 
           -503.17417              19.03433            -484.13984            1533.90874 
           -505.69436              21.84109            -483.85327            1760.09595 
           -507.78673              24.12314            -483.66359            1943.99781 
           -505.03984              21.50175            -483.53809            1732.74964 
           -505.58792              22.07478            -483.51314            1778.92778 
           -504.78728              21.53121            -483.25607            1735.12383 
           -507.65801              24.73620            -482.92181            1993.40268 
           -505.09608              22.57317            -482.52292            1819.09131 
           -507.25398              25.02046            -482.23352            2016.31015 
           -508.56981              26.46179            -482.10803            2132.46124 
           -505.32820              23.23510            -482.09311            1872.43384 
           -504.49337              22.25719            -482.23618            1793.62737 
           -504.31289              21.83395            -482.47894            1759.52013 
           -506.90072              23.98995            -482.91077            1933.26468 
           -504.44162              21.27375            -483.16787            1714.37550 
           -508.40614              25.01825            -483.38789            2016.13198 
           -504.80603              21.49969            -483.30633            1732.58390 
           -502.41152              19.43926            -482.97226            1566.54040 
           -501.43650              18.93848            -482.49802            1526.18485 
           -504.83390              22.56320            -482.27070            1818.28830 
           -509.16005              26.86868            -482.29137            2165.25137 
           -503.89481              21.60243            -482.29237            1740.86333 
           -502.55802              20.44999            -482.10803            1647.99229 
           -504.06194              22.32501            -481.73693            1799.09313 
           -500.04254              18.84767            -481.19487            1518.86653 
           -501.82160              21.18076            -480.64084            1706.88223 
           -501.66635              21.69723            -479.96912            1748.50279 
           -497.38715              18.21270            -479.17445            1467.69635 
           -498.52067              19.81084            -478.70983            1596.48539 
           -499.36293              20.96253            -478.40040            1689.29564 
           -500.95275              22.76151            -478.19124            1834.26917 
           -495.76731              18.01867            -477.74863            1452.06081 
           -498.27262              21.20609            -477.06654            1708.92318 
           -498.70626              22.51624            -476.19002            1814.50343 
           -500.37717              24.82383            -475.55334            2000.46428 
           -497.88153              23.05096            -474.83057            1857.59476 
           -496.22072              22.25169            -473.96903            1793.18433 
           -499.78920              26.60849            -473.18070            2144.28371 
           -501.35628              28.83987            -472.51641            2324.10254 
           -498.50203              26.35812            -472.14391            2124.10714 
           -495.93625              23.91973            -472.01652            1927.60610 
           -497.50414              25.47428            -472.02986            2052.88124 
           -497.96066              25.78081            -472.17985            2077.58404 
           -496.07979              23.69406            -472.38573            1909.41960 
           -495.33666              22.80498            -472.53168            1837.77237 
           -493.47891              20.90573            -472.57318            1684.71831 
           -493.30591              20.74386            -472.56205            1671.67377 
           -493.41502              20.90401            -472.51101            1684.57938 
           -494.08189              21.60194            -472.47995            1740.82340 
           -491.92843              19.60219            -472.32624            1579.67102 
           -492.82804              20.64786            -472.18018            1663.93780 
           -492.34247              20.36094            -471.98153            1640.81536 
           -492.45841              20.56594            -471.89247            1657.33621 
           -494.83725              23.14380            -471.69345            1865.07620 
           -492.66574              21.44381            -471.22193            1728.08034 
           -492.14079              21.19391            -470.94687            1707.94206 
           -491.61153              20.90572            -470.70581            1684.71775 
           -493.62067              23.16585            -470.45482            1866.85341 
           -496.48634              26.20123            -470.28511            2111.46425 
           -496.33644              26.17853            -470.15791            2109.63447 
           -496.22897              26.11677            -470.11220            2104.65789 
           -493.65527              23.55207            -470.10319            1897.97769 
           -493.39911              23.16472            -470.23439            1866.76232 
           -494.20208              23.84923            -470.35285            1921.92497 
           -495.46991              25.09115            -470.37876            2022.00673 
           -499.12278              28.51863            -470.60415            2298.21479 
           -497.23382              26.39762            -470.83620            2127.29016 
           -498.27670              27.14856            -471.12814            2187.80614 
           -498.45596              27.05135            -471.40461            2179.97231 
           -505.75974              33.90904            -471.85071            2732.60857 
           -505.24047              33.21859            -472.02188            2676.96774 
           -504.90035              33.00816            -471.89219            2660.00976 
           -506.08344              34.68061            -471.40283            2794.78715 
           -505.61463              34.72196            -470.89267            2798.11918 
           -509.00829              38.74416            -470.26413            3122.25387 
           -514.25287              44.67070            -469.58217            3599.85239 
           -514.00339              44.73726            -469.26613            3605.21661 
           -513.58135              44.36182            -469.21953            3574.96115 
           -509.60290              40.48625            -469.11665            3262.64297 
           -515.25157              46.04750            -469.20407            3710.80437 
           -517.57838              48.49652            -469.08186            3908.16188 
           -516.85351              48.03484            -468.81867            3870.95663 
           -510.86539              42.26178            -468.60362            3405.72605 
           -507.14395              38.84805            -468.29590            3130.62592 
           -516.53065              48.36929            -468.16136            3897.90881 
           -513.89859              45.89895            -467.99963            3698.83328 
           -507.46529              39.57667            -467.88862            3189.34323 
           -509.87206              41.90341            -467.96865            3376.84708 
           -510.03996              42.29371            -467.74624            3408.29996 
           -505.55335              38.47683            -467.07652            3100.71043 
           -504.69739              38.43803            -466.25936            3097.58410 
           -504.19470              39.01854            -465.17616            3144.36531 
           -500.13442              36.37345            -463.76098            2931.20687 
           -510.15574              47.20313            -462.95261            3803.93211 
           -505.84339              43.43636            -462.40703            3500.38144 
           -508.60423              46.43684            -462.16739            3742.17982 
           -502.96696              41.22817            -461.73879            3322.43182 
           -504.23817              42.92912            -461.30905            3459.50515 
           -501.40706              40.67318            -460.73388            3277.70654 
           -502.42205              42.28029            -460.14175            3407.21849 
           -507.56626              48.27647            -459.28979            3890.42929 
           -503.71714              45.41436            -458.30278            3659.78161 
           -507.56179              49.94787            -457.61392            4025.12114 
           -503.12869              46.08153            -457.04716            3713.54646 
           -497.86387              41.39881            -456.46506            3336.18276 
           -499.81743              43.91157            -455.90587            3538.67691 
           -497.12822              41.87785            -455.25037            3374.78704 
           -500.83838              45.98770            -454.85068            3705.98494 
           -493.78259              39.68825            -454.09434            3198.33479 
           -498.35834              44.87733            -453.48101            3616.50424 
           -491.56048              38.89652            -452.66396            3134.53200 
           -492.35480              40.23430            -452.12050            3242.33876 
           -490.38764              38.88409            -451.50355            3133.53067 
           -489.19222              38.19707            -450.99515            3078.16624 
           -487.96846              37.38390            -450.58457            3012.63524 
           -486.92165              36.56850            -450.35315            2946.92536 
           -482.21948              32.12783            -450.09164            2589.06787 
           -484.07310              34.07787            -449.99523            2746.21436 
           -486.24809              36.17142            -450.07667            2914.92631 
           -487.48949              37.11164            -450.37786            2990.69481 
           -483.33920              32.75824            -450.58097            2639.86991 
           -482.64022              31.84141            -450.79881            2565.98559 
           -478.66244              27.74833            -450.91411            2236.13901 
           -478.07343              27.11695            -450.95648            2185.25865 
           -479.52451              28.58833            -450.93617            2303.83215 
           -481.05154              30.17786            -450.87367            2431.92668 
           -478.21282              27.43968            -450.77314            2211.26604 
           -476.14929              25.37671            -450.77258            2045.01866 
           -479.63748              28.76417            -450.87331            2318.00233 
           -477.60453              26.65194            -450.95259            2147.78510 
           -476.53347              25.46352            -451.06996            2052.01409 
           -478.09938              27.02588            -451.07350            2177.91939 
           -476.46151              25.59778            -450.86373            2062.83400 
           -476.88300              26.33912            -450.54388            2122.57592 
           -478.55395              28.25639            -450.29756            2277.08196 
           -477.80582              27.72620            -450.07962            2234.35595 
           -477.24371              27.40529            -449.83843            2208.49462 
           -477.30166              27.73281            -449.56885            2234.88807 
           -479.45100              29.92624            -449.52476            2411.64955 
           -478.19892              28.56544            -449.63348            2301.98711 
           -478.29412              28.44121            -449.85291            2291.97610 
           -477.78703              27.68413            -450.10290            2230.96585 
           -483.57544              33.27282            -450.30262            2681.33800 
           -483.36964              33.00365            -450.36599            2659.64663 
           -480.70616              30.17516            -450.53100            2431.70866 
           -479.97465              29.23506            -450.73959            2355.94943 
           -480.89780              30.16100            -450.73679            2430.56785 
           -487.03696              36.27831            -450.75865            2923.53980 
           -486.26266              35.78243            -450.48023            2883.57843 
           -477.48901              27.52995            -449.95906            2218.54056 
           -484.38745              34.70479            -449.68266            2796.73580 
           -483.82722              34.65531            -449.17191            2792.74848 
           -479.62230              31.02994            -448.59236            2500.59213 
           -484.74668              36.28110            -448.46558            2923.76510 
           -484.56853              36.19537            -448.37316            2916.85616 
           -480.54018              32.47245            -448.06773            2616.83957 
           -482.06760              34.26646            -447.80114            2761.41218 
           -478.79051              31.39554            -447.39497            2530.05457 
           -487.20806              40.10679            -447.10127            3232.06372 
           -486.43533              40.04817            -446.38716            3227.33929 
           -486.11451              40.50962            -445.60489            3264.52633 
           -486.51280              41.35889            -445.15390            3332.96607 
           -493.37063              48.09793            -445.27270            3876.04122 
           -488.82729              43.46344            -445.36385            3502.56369 
           -493.45127              47.83534            -445.61592            3854.88017 
           -493.62780              47.82679            -445.80101            3854.19066 
           -492.25408              46.11250            -446.14158            3716.04209 
           -491.14270              44.81673            -446.32597            3611.62075 
           -496.16783              49.74695            -446.42088            4008.92976 
           -494.32060              48.00123            -446.31938            3868.24791 
           -493.58273              47.32732            -446.25541            3813.94017 
           -496.09188              49.71038            -446.38150            4005.98265 
           -486.90506              40.49311            -446.41196            3263.19536 
           -488.52655              41.84832            -446.67823            3372.40727 
           -495.58362              48.41984            -447.16378            3901.98287 
           -493.25817              45.81972            -447.43845            3692.44838 
           -496.28753              48.37150            -447.91603            3898.08720 
           -493.27490              45.25577            -448.01913            3647.00147 
           -494.34464              46.49457            -447.85006            3746.83232 
           -494.78685              47.22613            -447.56073            3805.78538 
           -488.35200              41.24682            -447.10518            3323.93451 
           -501.70085              54.70141            -446.99944            4408.19174 
           -499.38114              52.96049            -446.42065            4267.89732 
           -497.37679              51.53145            -445.84534            4152.73606 
           -486.35013              41.23443            -445.11571            3322.93566 
           -492.66188              47.71144            -444.95044            3844.89538 
           -495.05313              50.59724            -444.45589            4077.45142 
           -497.62798              53.71463            -443.91335            4328.67096 
           -495.12611              51.89832            -443.22779            4182.30123 
           -491.17414              48.70695            -442.46719            3925.11943 
           -494.06185              52.03352            -442.02833            4193.19626 
           -490.89891              49.40037            -441.49853            3981.00019 
           -489.72177              48.78090            -440.94087            3931.07917 
           -494.12768              53.48813            -440.63955            4310.41781 
           -486.42342              45.90525            -440.51816            3699.34109 
           -483.38475              42.78281            -440.60195            3447.71404 
           -487.39993              46.65351            -440.74642            3759.64060 
           -491.47759              50.53236            -440.94523            4072.22268 
           -486.13775              45.09223            -441.04553            3633.82196 
           -486.66366              45.88058            -440.78308            3697.35273 
           -487.10886              46.53063            -440.57823            3749.73815 
           -483.51771              43.07019            -440.44752            3470.87303 
           -487.58623              47.45222            -440.13401            3824.00525 
           -488.58835              48.83989            -439.74845            3935.83321 
           -493.57160              53.82275            -439.74884            4337.38414 
           -479.63971              40.24590            -439.39380            3243.27406 
           -492.40993              52.99239            -439.41754            4270.46796 
           -484.51692              45.90565            -438.61128            3699.37268 
           -487.26413              49.32545            -437.93868            3974.96271 
           -484.85017              47.39961            -437.45056            3819.76583 
           -482.18625              44.97774            -437.20850            3624.59607 
           -480.24172              43.19827            -437.04344            3481.19503 
           -483.79649              46.75522            -437.04126            3767.83712 
           -484.43639              47.09002            -437.34638            3794.81680 
           -476.40275              38.64650            -437.75625            3114.38416 
           -483.16593              44.58620            -438.57973            3593.04328 
           -483.57304              44.67114            -438.90191            3599.88809 
           -477.97915              39.09485            -438.88431            3150.51447 
           -474.45337              35.61614            -438.83724            2870.17762 
           -476.93417              38.32017            -438.61400            3088.08584 
           -480.47530              42.07732            -438.39797            3390.86185 
           -477.11641              38.72670            -438.38971            3120.84715 
           -477.93390              39.36569            -438.56821            3172.34072 
           -475.60742              36.81403            -438.79339            2966.71140 
           -474.25290              35.10536            -439.14755            2829.01585 
           -475.72107              36.08500            -439.63607            2907.96145 
           -480.19875              40.06292            -440.13583            3228.52825 
           -479.94631              39.58286            -440.36344            3189.84216 
           -479.61221              38.96835            -440.64386            3140.32027 
           -474.97984              34.13043            -440.84941            2750.44981 
           -472.43150              31.76963            -440.66188            2560.20121 
           -478.48751              38.36409            -440.12342            3091.62530 
           -476.66186              37.04013            -439.62173            2984.93256 
           -474.91335              35.54046            -439.37289            2864.07887 
           -472.88164              33.89606            -438.98558            2731.56320 
           -477.66515              38.96985            -438.69530            3140.44158 
           -477.78973              39.30495            -438.48478            3167.44604 
           -476.84604              38.37781            -438.46824            3092.73073 
           -476.96120              38.37950            -438.58169            3092.86740 
           -481.65620              42.88636            -438.76985            3456.05876 
           -474.00580              35.36477            -438.64103            2849.92104 
           -472.05525              33.40580            -438.64945            2692.05462 
           -471.99753              33.42401            -438.57353            2693.52177 
           -472.41005              34.07630            -438.33375            2746.08768 
           -475.57062              37.58104            -437.98958            3028.52210 
           -474.62392              36.99885            -437.62508            2981.60525 
           -476.73909              39.27467            -437.46442            3165.00623 
           -474.41508              37.03196            -437.38312            2984.27423 
           -478.48463              40.92341            -437.56122            3297.87234 
           -478.18273              40.28631            -437.89642            3246.53036 
           -470.14881              32.02325            -438.12557            2580.63944 
           -477.18198              38.62857            -438.55340            3112.93925 
           -475.96067              37.11804            -438.84264            2991.21064 
           -474.51249              35.59866            -438.91383            2868.76945 
           -483.36098              44.55649            -438.80449            3590.64885 
           -481.21489              42.77789            -438.43701            3447.31758 
           -483.86945              45.61732            -438.25213            3676.13766 
           -485.28153              47.24532            -438.03621            3807.33230 
           -481.32664              43.44072            -437.88592            3500.73283 
           -481.33699              43.56111            -437.77588            3510.43489 
           -486.23623              48.39349            -437.84274            3899.85920 
           -482.95961              45.12078            -437.83883            3636.12312 
           -489.90761              52.13340            -437.77421            4201.24527 
           -483.85228              46.32630            -437.52597            3733.27201 
           -487.86254              50.47857            -437.38397            4067.88855 
           -490.81197              53.70659            -437.10538            4328.02265 
