           -509.80111               0.07784            -509.72328               6.27267 
           -509.84028               0.30327            -509.53701              24.43919 
           -509.88424               0.62429            -509.25995              50.30900 
           -509.85995               0.93110            -508.92885              75.03417 
           -509.70259               1.13257            -508.57002              91.27003 
           -509.41982               1.21986            -508.19995              98.30451 
           -509.11752               1.28848            -507.82904             103.83411 
           -508.95799               1.49400            -507.46399             120.39636 
           -509.05778               1.94918            -507.10860             157.07717 
           -509.40305               2.63524            -506.76781             212.36491 
           -509.83845               3.38392            -506.45454             272.69779 
           -510.17521               3.98604            -506.18917             321.22075 
           -510.34164               4.35110            -505.99053             350.63990 
           -510.36324               4.48960            -505.87364             361.80057 
           -510.24993               4.39672            -505.85321             354.31632 
           -510.03619               4.09595            -505.94025             330.07779 
           -509.78391               3.64637            -506.13754             293.84837 
           -509.54572               3.11624            -506.42949             251.12645 
           -509.36705               2.57683            -506.79022             207.65727 
           -509.26541               2.06917            -507.19624             166.74709 
           -509.23513               1.60773            -507.62740             129.56149 
           -509.26663               1.20647            -508.06016              97.22552 
           -509.34053               0.87586            -508.46467              70.58281 
           -509.48114               0.66519            -508.81595              53.60557 
           -509.73917               0.63094            -509.10823              50.84520 
           -510.06396               0.71034            -509.35362              57.24361 
           -510.32197               0.75500            -509.56697              60.84273 
           -510.43772               0.68900            -509.74871              55.52419 
           -510.43059               0.55448            -509.87611              44.68386 
           -510.34145               0.43453            -509.90692              35.01686 
           -510.20046               0.39706            -509.80340              31.99779 
           -510.05119               0.48781            -509.56338              39.31074 
           -509.92393               0.70528            -509.21865              56.83573 
           -509.80096               0.99154            -508.80942              79.90495 
           -509.66923               1.30173            -508.36750             104.90155 
           -509.57642               1.65593            -507.92049             133.44552 
           -509.52312               2.03091            -507.49221             163.66372 
           -509.50501               2.40646            -507.09856             193.92781 
           -509.58257               2.83254            -506.75003             228.26449 
           -509.80388               3.34600            -506.45788             269.64219 
           -510.15887               3.92207            -506.23679             316.06598 
           -510.55396               4.46026            -506.09370             359.43610 
           -510.86664               4.84568            -506.02096             390.49586 
           -511.01323               5.00997            -506.00326             403.73604 
           -510.92968               4.89978            -506.02990             394.85603 
           -510.63424               4.52649            -506.10775             364.77332 
           -510.27109               4.00923            -506.26186             323.08973 
           -509.97213               3.44382            -506.52831             277.52534 
           -509.79147               2.86927            -506.92219             231.22460 
           -509.78608               2.37636            -507.40972             191.50213 
           -509.96959               2.04646            -507.92312             164.91722 
           -510.24333               1.84106            -508.40227             148.36471 
           -510.47597               1.66572            -508.81025             134.23420 
           -510.62537               1.49659            -509.12878             120.60493 
           -510.70875               1.35235            -509.35640             108.98103 
           -510.74838               1.24711            -509.50128             100.50002 
           -510.78897               1.21104            -509.57792              97.59377 
           -510.86121               1.26631            -509.59491             102.04705 
           -510.94661               1.39458            -509.55204             112.38398 
           -510.98795               1.54265            -509.44530             124.31647 
           -510.94450               1.67308            -509.27142             134.82765 
           -510.83196               1.80256            -509.02941             145.26152 
           -510.68662               1.96497            -508.72165             158.34985 
           -510.53007               2.17902            -508.35105             175.59980 
           -510.40108               2.47125            -507.92983             199.14937 
           -510.36984               2.89192            -507.47791             233.04979 
           -510.50295               3.48484            -507.01811             280.83095 
           -510.77982               4.19817            -506.58165             338.31578 
           -511.13176               4.91555            -506.21621             396.12637 
           -511.46363               5.49473            -505.96890             442.80040 
           -511.69737               5.83894            -505.85843             470.53953 
           -511.81990               5.94541            -505.87449             479.11911 
           -511.82775               5.84604            -505.98171             471.11132 
           -511.70135               5.55787            -506.14348             447.88895 
           -511.45884               5.11922            -506.33962             412.53978 
           -511.16321               4.59474            -506.56847             370.27363 
           -510.90405               4.06597            -506.83808             327.66204 
           -510.77078               3.61760            -507.15318             291.52945 
           -510.78990               3.27832            -507.51157             264.18849 
           -510.93767               3.03238            -507.90530             244.36837 
           -511.18314               2.85689            -508.32625             230.22682 
           -511.46569               2.70336            -508.76233             217.85437 
           -511.74305               2.55625            -509.18680             205.99901 
           -511.99093               2.43467            -509.55626             196.20123 
           -512.16584               2.33873            -509.82711             188.47029 
           -512.26565               2.29325            -509.97239             184.80516 
           -512.30302               2.31984            -509.98318             186.94757 
           -512.31342               2.44391            -509.86951             196.94572 
           -512.32180               2.66591            -509.65588             214.83658 
           -512.27279               2.90427            -509.36852             234.04472 
           -512.12659               3.09533            -509.03126             249.44137 
           -511.92386               3.25717            -508.66670             262.48346 
           -511.74487               3.45032            -508.29455             278.04873 
           -511.65338               3.72758            -507.92580             300.39235 
           -511.66360               4.10183            -507.56178             330.55172 
           -511.77833               4.57718            -507.20116             368.85841 
           -512.00893               5.16080            -506.84813             415.89053 
           -512.33101               5.81718            -506.51383             468.78582 
           -512.69051               6.47612            -506.21439             521.88784 
           -513.01784               7.04532            -505.97252             567.75745 
           -513.24293               7.42302            -505.81990             598.19495 
           -513.33718               7.54587            -505.79131             608.09478 
           -513.30425               7.40043            -505.90383             596.37411 
           -513.16652               7.02953            -506.13699             566.48451 
           -512.96057               6.50603            -506.45454             524.29790 
           -512.71540               5.89514            -506.82025             475.06875 
           -512.52793               5.32437            -507.20356             429.07233 
           -512.48380               4.89989            -507.58391             394.86504 
           -512.59793               4.64270            -507.95524             374.13831 
           -512.86247               4.54392            -508.31855             366.17867 
           -513.19162               4.52492            -508.66670             364.64757 
           -513.49440               4.51051            -508.98389             363.48558 
           -513.69617               4.44008            -509.25609             357.81024 
           -513.78005               4.30720            -509.47285             347.10186 
           -513.81316               4.18752            -509.62563             337.45757 
           -513.82751               4.12479            -509.70271             332.40243 
           -513.83415               4.14587            -509.68828             334.10085 
           -513.86857               4.29877            -509.56980             346.42250 
           -513.91042               4.56674            -509.34368             368.01704 
           -513.92183               4.90080            -509.02104             394.93766 
           -513.89838               5.27768            -508.62070             425.30977 
           -513.81731               5.64591            -508.17140             454.98415 
           -513.70516               5.99389            -507.71126             483.02643 
           -513.63453               6.35455            -507.27998             512.09066 
           -513.67509               6.76558            -506.90950             545.21437 
           -513.93895               7.32425            -506.61470             590.23522 
           -514.38952               8.00377            -506.38576             644.99494 
           -514.87239               8.67118            -506.20121             698.77983 
           -515.24735               9.19641            -506.05094             741.10624 
           -515.38432               9.43671            -505.94761             760.47055 
           -515.31279               9.39303            -505.91976             756.95055 
           -515.12825               9.13654            -505.99171             736.28115 
           -514.88165               8.71062            -506.17103             701.95768 
           -514.65685               8.20947            -506.44738             661.57169 
           -514.50871               7.71038            -506.79833             621.35177 
           -514.46033               7.26051            -507.19982             585.09880 
           -514.56755               6.93701            -507.63053             559.02919 
           -514.79046               6.71863            -508.07183             541.43046 
           -515.02165               6.51860            -508.50305             525.31078 
           -515.22933               6.33045            -508.89889             510.14823 
           -515.42158               6.18871            -509.23288             498.72580 
           -515.66798               6.18132            -509.48666             498.13079 
           -515.98883               6.33333            -509.65551             510.38028 
           -516.26341               6.51662            -509.74680             525.15103 
           -516.42564               6.65131            -509.77433             536.00544 
           -516.45749               6.71044            -509.74705             540.77012 
           -516.39058               6.73011            -509.66048             542.35532 
           -516.30103               6.80606            -509.49498             548.47581 
           -516.21591               6.98788            -509.22803             563.12831 
           -516.18530               7.32636            -508.85894             590.40548 
           -516.24328               7.82611            -508.41718             630.67800 
           -516.41784               8.47210            -507.94574             682.73665 
           -516.74586               9.26417            -507.48169             746.56668 
           -517.20876              10.15620            -507.05256             818.45165 
           -517.81253              11.12935            -506.68318             896.87497 
           -518.57607              12.18242            -506.39366             981.73760 
           -519.50320              13.30671            -506.19649            1072.34043 
           -520.63184              14.54200            -506.08983            1171.88837 
           -521.98054              15.91844            -506.06210            1282.81073 
           -523.49231              17.39614            -506.09617            1401.89330 
           -525.04020              18.86450            -506.17570            1520.22296 
           -526.40095              20.11126            -506.28969            1620.69514 
           -527.60053              21.16558            -506.43495            1705.65857 
           -529.03539              22.41938            -506.61601            1806.69820 
           -530.69944              23.86602            -506.83342            1923.27734 
           -532.59119              25.49002            -507.10118            2054.14973 
           -534.58511              27.12424            -507.46086            2185.84624 
           -536.39396              28.40785            -507.98611            2289.28715 
           -538.56788              29.87151            -508.69637            2407.23843 
           -540.89079              31.43217            -509.45862            2533.00704 
           -540.46100              30.31849            -510.14251            2443.25940 
           -536.78581              26.04076            -510.74505            2098.53203 
           -537.14894              25.69826            -511.45068            2070.93154 
           -533.90982              21.70005            -512.20977            1748.73014 
           -532.63570              19.43169            -513.20401            1565.93059 
           -535.03867              20.38565            -514.65302            1642.80697 
           -529.39954              13.22105            -516.17849            1065.43724 
           -528.54781              11.15670            -517.39111             899.07896 
           -531.13625              12.81739            -518.31886            1032.90819 
           -524.34976               5.38344            -518.96632             433.83202 
           -526.65679               7.17870            -519.47808             578.50606 
           -526.12994               6.42522            -519.70472             517.78563 
           -530.91158              10.54179            -520.36979             849.52551 
           -532.18100              10.69814            -521.48286             862.12516 
           -527.51384               4.86041            -522.65343             391.68341 
           -536.21963              12.53392            -523.68571            1010.06372 
           -540.85280              16.55736            -524.29543            1334.29890 
           -535.61740              11.32762            -524.28978             912.85282 
           -544.41255              20.35435            -524.05820            1640.28457 
           -544.47195              20.72277            -523.74919            1669.97400 
           -543.62991              19.93284            -523.69707            1606.31667 
           -546.60885              22.73989            -523.86896            1832.52644 
           -546.81142              22.58351            -524.22791            1819.92508 
           -547.32506              22.65626            -524.66880            1825.78739 
           -548.48706              23.62802            -524.85904            1904.09775 
           -547.71122              22.89980            -524.81142            1845.41317 
           -544.66680              19.96115            -524.70565            1608.59787 
           -541.03754              16.39509            -524.64245            1321.22222 
           -540.84425              16.10955            -524.73470            1298.21090 
           -540.19331              15.23584            -524.95748            1227.80184 
           -539.18125              13.88040            -525.30085            1118.57193 
           -538.46006              12.74936            -525.71070            1027.42538 
           -535.82538               9.82229            -526.00310             791.54305 
           -532.49997               6.47685            -526.02313             521.94604 
           -530.79926               4.95599            -525.84328             399.38526 
           -530.61840               5.03122            -525.58718             405.44850 
           -531.08105               5.80329            -525.27776             467.66639 
           -530.32752               5.46989            -524.85763             440.79871 
           -528.42162               4.08234            -524.33927             328.98155 
           -527.35247               3.46701            -523.88547             279.39370 
           -526.62034               3.02436            -523.59598             243.72276 
           -527.65191               4.20301            -523.44890             338.70558 
           -530.36762               7.00104            -523.36657             564.18927 
           -531.78790               8.51126            -523.27664             685.89207 
           -531.30087               8.15660            -523.14427             657.31151 
           -530.77150               7.79819            -522.97331             628.42826 
           -531.58016               8.76037            -522.81979             705.96728 
           -533.33260              10.56835            -522.76425             851.66598 
           -534.48499              11.63753            -522.84746             937.82698 
           -534.93430              11.91610            -523.01820             960.27648 
           -536.86137              13.71081            -523.15056            1104.90552 
           -539.17893              16.06357            -523.11536            1294.50584 
           -540.42040              17.54444            -522.87596            1413.84390 
           -542.29387              19.81674            -522.47713            1596.96080 
           -541.59154              19.65922            -521.93232            1584.26676 
           -538.69186              17.39638            -521.29548            1401.91236 
           -537.85305              17.25862            -520.59443            1390.81036 
           -536.20614              16.52226            -519.68388            1331.46980 
           -535.39984              16.68170            -518.71814            1344.31910 
           -533.43691              15.57064            -517.86626            1254.78272 
           -532.18560              15.11068            -517.07492            1217.71595 
           -529.91133              13.95224            -515.95908            1124.36175 
           -527.45331              12.90582            -514.54749            1040.03397 
           -522.01430               8.63156            -513.38274             695.58682 
           -518.13684               5.90634            -512.23050             475.97108 
           -515.13315               4.68840            -510.44475             377.82134 
           -513.28238               4.35767            -508.92471             351.16903 
           -515.26695               7.62999            -507.63697             614.87356 
           -515.48585               9.67517            -505.81068             779.68751 
           -516.05658              11.76660            -504.28998             948.22832 
           -516.00782              12.67825            -503.32957            1021.69484 
           -515.78457              13.44350            -502.34107            1083.36412 
           -518.84310              17.70579            -501.13730            1426.84669 
           -519.69165              20.07370            -499.61795            1617.66815 
           -522.69957              24.71526            -497.98431            1991.71508 
           -524.27630              27.64708            -496.62922            2227.97979 
           -522.83245              27.17998            -495.65247            2190.33817 
           -522.54245              27.75832            -494.78413            2236.94407 
           -522.32655              28.59789            -493.72866            2304.60222 
           -521.31321              28.71495            -492.59826            2314.03561 
           -519.68927              28.01778            -491.67149            2257.85297 
           -517.46256              26.49347            -490.96909            2135.01417 
           -514.99909              24.64082            -490.35826            1985.71633 
           -512.48906              22.74335            -489.74571            1832.80595 
           -511.50825              22.30607            -489.20218            1797.56717 
           -508.55341              19.81751            -488.73590            1597.02232 
           -505.56266              17.23582            -488.32684            1388.97359 
           -504.69707              16.80165            -487.89542            1353.98512 
           -502.03386              14.71236            -487.32150            1185.61651 
           -500.66848              13.92688            -486.74160            1122.31747 
           -500.45836              14.08279            -486.37557            1134.88176 
           -498.01896              11.71260            -486.30636             943.87654 
           -495.99400               9.39084            -486.60315             756.77475 
           -494.31605               7.04389            -487.27216             567.64208 
           -493.45493               5.39540            -488.05953             434.79638 
           -493.42014               4.82958            -488.59055             389.19895 
           -493.34788               4.49320            -488.85468             362.09075 
           -494.85920               5.87925            -488.97995             473.78762 
           -495.28492               6.38978            -488.89513             514.92996 
           -493.23026               4.84523            -488.38502             390.46021 
           -493.90264               6.21120            -487.69144             500.53831 
           -493.85232               6.64649            -487.20583             535.61716 
           -492.59939               5.67228            -486.92711             457.10864 
           -492.40095               5.69419            -486.70676             458.87418 
           -492.88610               6.49389            -486.39222             523.31913 
           -494.62765               8.75341            -485.87424             705.40635 
           -497.32093              12.16776            -485.15317             980.55661 
           -499.53803              15.10933            -484.42870            1217.60716 
           -501.91992              18.14013            -483.77979            1461.84829 
           -506.70678              23.58938            -483.11740            1900.98392 
           -508.12788              25.81269            -482.31519            2080.15248 
           -510.41220              28.73869            -481.67351            2315.94896 
           -510.40796              29.21447            -481.19349            2354.29046 
           -511.74886              30.95860            -480.79025            2494.84370 
           -507.73763              27.32191            -480.41571            2201.77585 
           -505.13793              24.32907            -480.80886            1960.59334 
           -503.26633              21.69527            -481.57107            1748.34437 
           -503.78035              21.31268            -482.46767            1717.51278 
           -500.23615              16.11242            -484.12373            1298.44263 
           -504.32050              18.16715            -486.15335            1464.02621 
           -505.56077              18.57402            -486.98675            1496.81430 
           -508.81285              21.26967            -487.54318            1714.04713 
           -508.28827              20.10587            -488.18239            1620.26090 
           -504.76795              15.79745            -488.97049            1273.06064 
           -504.18832              14.60493            -489.58339            1176.95938 
           -503.84806              13.97525            -489.87281            1126.21542 
           -501.30563              11.34225            -489.96339             914.03116 
           -503.30406              13.30991            -489.99415            1072.59852 
           -510.31763              20.27616            -490.04147            1633.98354 
           -512.99219              22.96180            -490.03039            1850.40964 
           -517.12064              27.07892            -490.04172            2182.19351 
           -519.79645              29.69663            -490.09982            2393.14591 
           -516.49923              26.48230            -490.01693            2134.11422 
           -529.87996              39.70677            -490.17318            3199.82757 
           -528.90583              38.67868            -490.22715            3116.97700 
           -518.56387              29.35159            -489.21228            2365.34044 
           -539.76070              51.77783            -487.98287            4172.59120 
           -526.05592              38.97303            -487.08289            3140.69814 
           -532.06295              45.20525            -486.85770            3642.93034 
           -520.39665              34.80606            -485.59060            2804.89619 
           -532.63449              47.60170            -485.03279            3836.05150 
           -522.13348              37.01097            -485.12251            2982.58231 
           -536.16561              50.21330            -485.95231            4046.51136 
           -522.63886              36.76254            -485.87632            2962.56195 
           -520.42341              35.16292            -485.26049            2833.65467 
           -531.03001              45.83531            -485.19470            3693.70450 
           -514.08834              29.12503            -484.96331            2347.08234 
           -502.07194              17.86374            -484.20820            1439.57542 
           -525.18555              40.96333            -484.22222            3301.08888 
           -516.88171              33.26199            -483.61972            2680.46537 
           -515.21340              32.13839            -483.07500            2589.91880 
           -494.22431              13.61074            -480.61357            1096.84104 
           -513.65519              34.98879            -478.66640            2819.62179 
           -505.19934              27.93249            -477.26685            2250.97988 
           -514.93362              39.56376            -475.36986            3188.30225 
           -518.72400              44.96615            -473.75785            3623.66240 
           -523.18097              49.82224            -473.35873            4014.99705 
           -524.26854              51.09592            -473.17262            4117.63833 
           -516.02772              43.29925            -472.72848            3489.33221 
           -516.43695              44.76237            -471.67458            3607.24038 
           -514.65730              43.84224            -470.81505            3533.09042 
           -511.96558              41.43984            -470.52574            3339.48900 
           -511.59672              41.21950            -470.37722            3321.73251 
           -520.19451              49.82715            -470.36736            4015.39229 
           -519.45332              49.24554            -470.20778            3968.52269 
           -519.24681              49.24839            -469.99842            3968.75259 
           -514.59556              44.95950            -469.63606            3623.12623 
           -509.00100              39.48933            -469.51167            3182.30437 
           -499.38299              29.86428            -469.51871            2406.65583 
           -503.62459              33.90158            -469.72301            2732.00744 
           -502.86179              33.46657            -469.39521            2696.95211 
           -505.75728              36.95788            -468.79940            2978.30405 
           -501.54991              33.25560            -468.29431            2679.95022 
           -497.20165              29.20309            -467.99856            2353.37313 
           -497.29922              29.74850            -467.55072            2397.32548 
           -499.56199              32.63458            -466.92741            2629.90436 
           -495.59847              29.33377            -466.26470            2363.90446 
           -496.29977              30.40037            -465.89940            2449.85742 
           -504.63514              38.88633            -465.74881            3133.71066 
           -494.84140              29.77812            -465.06328            2399.71286 
           -493.53591              29.38187            -464.15404            2367.78008 
           -498.83824              35.64467            -463.19357            2872.47707 
           -501.31851              38.76146            -462.55705            3123.64828 
           -504.56604              42.19095            -462.37509            3400.01852 
           -498.68669              36.37260            -462.31410            2931.13808 
           -495.90435              33.13859            -462.76576            2670.52109 
           -492.29281              28.14516            -464.14765            2268.11842 
           -500.56672              34.95995            -465.60676            2817.29825 
           -502.31233              36.21790            -466.09443            2918.67134 
           -501.61739              35.14795            -466.46944            2832.44856 
           -494.43401              27.32435            -467.10966            2201.97200 
           -500.31583              32.27079            -468.04504            2600.58845 
           -502.35101              33.60807            -468.74293            2708.35512 
           -487.48495              18.40493            -469.08003            1483.18747 
           -489.25559              19.86415            -469.39144            1600.78086 
           -503.88819              33.89618            -469.99201            2731.57284 
           -497.40820              27.29886            -470.10934            2199.91786 
           -497.76034              27.50793            -470.25241            2216.76618 
           -497.12687              26.85431            -470.27255            2164.09358 
           -499.31701              28.93613            -470.38089            2331.85938 
           -496.14096              25.70410            -470.43686            2071.40219 
           -492.23963              21.54914            -470.69049            1736.56837 
           -488.34714              17.18648            -471.16066            1384.99689 
           -486.82720              15.15081            -471.67639            1220.94990 
           -493.38733              21.42743            -471.95991            1726.76014 
           -499.18652              27.24747            -471.93905            2195.77663 
           -500.27559              28.50600            -471.76960            2297.19684 
           -494.23490              22.85881            -471.37609            1842.10983 
           -497.21503              26.29321            -470.92183            2118.87587 
           -494.82692              24.89180            -469.93512            2005.94133 
           -500.60932              31.79829            -468.81103            2562.51069 
           -493.42635              25.69792            -467.72843            2070.90396 
           -490.53832              23.68171            -466.85660            1908.42479 
           -501.22532              34.79887            -466.42645            2804.31720 
           -489.43014              23.94520            -465.48493            1929.65885 
           -502.61966              37.66995            -464.94971            3035.68714 
           -500.24808              35.91213            -464.33594            2894.03107 
           -498.63208              34.35776            -464.27432            2768.76940 
           -489.68787              25.15045            -464.53742            2026.78550 
           -495.28301              30.44576            -464.83726            2453.51522 
           -496.43190              32.06158            -464.37032            2583.72864 
           -497.37637              33.69518            -463.68119            2715.37454 
           -496.35411              33.15695            -463.19716            2672.00059 
           -492.12517              29.22190            -462.90327            2354.88898 
           -488.82455              26.09516            -462.72939            2102.91601 
           -488.81530              26.15433            -462.66097            2107.68435 
           -490.86545              28.05204            -462.81341            2260.61437 
           -491.85346              28.37896            -463.47450            2286.95965 
           -492.60536              27.92551            -464.67985            2250.41764 
           -489.71442              24.09901            -465.61541            1942.05377 
           -486.41354              20.22220            -466.19133            1629.63533 
           -486.11726              19.28836            -466.82890            1554.38024 
           -487.58158              19.80939            -467.77219            1596.36810 
           -492.96559              24.05470            -468.91089            1938.48248 
           -492.15670              22.36671            -469.78999            1802.45393 
           -488.84341              18.37530            -470.46811            1480.80009 
           -484.45380              13.05680            -471.39700            1052.20101 
           -491.67918              18.88678            -472.79241            1522.01803 
           -496.72395              23.12792            -473.59603            1863.79694 
           -498.99480              24.86422            -474.13058            2003.71932 
           -497.64601              23.02467            -474.62134            1855.47617 
           -490.09688              14.94705            -475.14983            1204.52932 
           -493.06165              17.51576            -475.54589            1411.53286 
           -498.83969              23.42061            -475.41909            1887.38354 
           -496.27071              21.39302            -474.87769            1723.98748 
           -497.64096              23.47865            -474.16232            1892.06047 
           -500.55154              27.14020            -473.41134            2187.13206 
           -496.18315              23.25163            -472.93152            1873.76612 
           -485.64873              12.88839            -472.76034            1038.62984 
           -487.87754              15.13879            -472.73875            1219.98128 
           -495.26075              22.83408            -472.42667            1840.11739 
           -494.79723              23.43543            -471.36180            1888.57778 
           -487.72679              18.29223            -469.43456            1474.10577 
           -479.61383              11.63438            -467.97946             937.57290 
           -481.14527              14.25614            -466.88913            1148.85122 
           -486.98448              21.44796            -465.53652            1728.41449 
           -490.69046              26.38249            -464.30797            2126.07123 
           -494.61227              30.90361            -463.70866            2490.41227 
           -488.36676              24.94903            -463.41773            2010.55333 
           -487.48456              24.07189            -463.41267            1939.86770 
           -485.40518              22.03879            -463.36639            1776.02776 
           -491.67390              28.21331            -463.46058            2273.61038 
           -495.56681              32.22400            -463.34281            2596.81784 
           -497.55558              34.53271            -463.02288            2782.86782 
           -499.57015              36.96903            -462.60112            2979.20230 
           -492.77950              30.77960            -461.99990            2480.41875 
           -490.65044              29.32495            -461.32549            2363.19339 
           -493.45918              32.83393            -460.62525            2645.96939 
           -497.99169              37.31365            -460.67804            3006.97448 
           -491.81656              30.07326            -461.74330            2423.49704 
           -490.92361              26.95338            -463.97023            2172.07731 
           -488.24396              22.67220            -465.57175            1827.07212 
           -484.55051              18.17156            -466.37896            1464.38103 
           -484.75559              17.45739            -467.29820            1406.82891 
           -489.26779              20.50380            -468.76399            1652.32859 
           -489.63100              19.76013            -469.87087            1592.39885 
           -490.62209              20.03603            -470.58605            1614.63251 
           -487.77864              16.51104            -471.26759            1330.56622 
           -485.10852              12.90160            -472.20692            1039.69428 
           -490.29959              17.11907            -473.18053            1379.56464 
           -489.49535              15.88588            -473.60948            1280.18628 
           -484.69331              11.07206            -473.62125             892.25755 
           -485.25072              11.84140            -473.40932             954.25615 
           -484.51702              11.66841            -472.84861             940.31598 
           -482.44816              10.33476            -472.11340             832.84173 
           -486.99982              15.30911            -471.69071            1233.70685 
           -488.74690              17.29242            -471.45448            1393.53447 
           -493.27322              21.92279            -471.35043            1766.67932 
           -500.49532              29.16801            -471.32731            2350.54649 
           -495.08105              23.46516            -471.61588            1890.97404 
           -487.06826              14.22203            -472.84623            1146.10316 
           -496.56566              22.87601            -473.68965            1843.49601 
           -489.86295              16.39298            -473.46997            1321.05196 
           -491.31037              18.33009            -472.98028            1477.15657 
           -479.63798               9.54527            -470.09270             769.21970 
           -487.11452              19.25996            -467.85456            1552.09174 
           -485.56928              18.67804            -466.89124            1505.19701 
           -490.83190              25.11954            -465.71235            2024.29472 
           -489.65199              25.36678            -464.28522            2044.21825 
           -492.17743              28.40680            -463.77063            2289.20290 
           -495.55126              31.86422            -463.68704            2567.82404 
           -489.37525              25.76372            -463.61153            2076.20652 
           -488.65506              25.04868            -463.60638            2018.58412 
           -487.23621              23.72932            -463.50689            1912.26180 
           -482.11791              18.81497            -463.30293            1516.23171 
           -478.37108              15.24131            -463.12977            1228.24264 
           -479.82617              16.71398            -463.11218            1346.92040 
           -484.15412              20.91664            -463.23748            1685.59774 
           -487.21977              23.70485            -463.51492            1910.28955 
           -489.78399              25.79498            -463.98901            2078.72528 
           -496.07615              31.41314            -464.66301            2531.47299 
           -491.07684              25.77489            -465.30195            2077.10647 
           -490.71506              24.91315            -465.80191            2007.66205 
           -490.51724              24.04308            -466.47416            1937.54619 
           -490.00701              22.35429            -467.65271            1801.45283 
           -483.29093              14.42027            -468.87065            1162.07858 
           -487.22489              16.05074            -471.17416            1293.47166 
           -486.71166              13.78648            -472.92518            1111.00305 
           -485.84378              12.20897            -473.63481             983.87774 
           -497.83069              23.74076            -474.08993            1913.18359 
           -496.28963              22.23838            -474.05125            1792.11177 
           -490.95916              17.16961            -473.78955            1383.63815 
           -487.81515              14.43008            -473.38506            1162.86902 
           -489.23622              16.19152            -473.04470            1304.81709 
           -492.65333              19.85139            -472.80194            1599.75302 
           -491.79736              19.18577            -472.61160            1546.11268 
           -483.26016              10.88013            -472.38002             876.79117 
           -482.99938              10.81580            -472.18359             871.60646 
           -491.04492              18.96831            -472.07660            1528.58883 
           -485.00817              13.23009            -471.77808            1066.16573 
           -480.52910               9.21270            -471.31640             742.41865 
           -477.54961               7.41507            -470.13454             597.55385 
           -485.81496              16.46490            -469.35006            1326.84796 
           -484.51924              15.47422            -469.04502            1247.01247 
           -483.62568              14.65638            -468.96930            1181.10563 
           -480.15685              11.38114            -468.77570             917.16569 
           -484.38921              16.08667            -468.30254            1296.36720 
           -488.65967              21.85402            -466.80564            1761.13798 
           -482.24838              17.16315            -465.08523            1383.11731 
           -487.53986              23.45613            -464.08372            1890.24642 
           -488.51602              25.73638            -462.77965            2074.00291 
           -490.00792              28.29880            -461.70912            2280.49970 
           -485.76822              24.95458            -460.81364            2011.00094 
           -494.46985              34.18850            -460.28135            2755.12978 
           -497.63311              37.67598            -459.95712            3036.17340 
           -491.98598              31.70253            -460.28344            2554.79446 
           -486.51889              25.16056            -461.35833            2027.59991 
           -487.50052              25.05140            -462.44913            2018.80304 
           -490.62779              27.52976            -463.09803            2218.52542 
           -494.38324              30.69489            -463.68836            2473.59169 
           -488.51768              24.33176            -464.18592            1960.81016 
           -479.67647              15.25678            -464.41970            1229.48928 
           -486.37229              21.69941            -464.67288            1748.67795 
           -486.67795              21.85302            -464.82492            1761.05747 
           -480.64228              15.18296            -465.45932            1223.54032 
           -482.22529              15.34522            -466.88007            1236.61663 
           -481.17479              13.56149            -467.61330            1092.87233 
           -478.96856              11.00317            -467.96539             886.70619 
           -475.92098               7.68417            -468.23681             619.23999 
           -476.39422               7.68557            -468.70864             619.35295 
           -478.54695               9.00629            -469.54066             725.78473 
           -479.20514               8.60817            -470.59697             693.70205 
           -479.73223               8.32044            -471.41179             670.51452 
           -484.76650              12.74830            -472.01820            1027.34051 
           -491.04678              18.44626            -472.60051            1486.51871 
           -488.16600              15.11480            -473.05120            1218.04788 
           -480.46765               7.30017            -473.16747             588.29493 
           -486.47197              13.21268            -473.25929            1064.76264 
           -491.60454              18.45820            -473.14633            1487.48103 
           -496.45310              23.42099            -473.03212            1887.41400 
           -490.33627              17.29949            -473.03678            1394.10473 
           -483.51099              10.14241            -473.36857             817.34107 
           -496.91323              23.03074            -473.88249            1855.96571 
           -487.62788              14.26984            -473.35804            1149.95522 
           -492.13288              19.22954            -472.90334            1549.64026 
           -481.28157               9.46794            -471.81363             762.98746 
           -492.80154              21.75771            -471.04383            1753.37645 
           -488.46569              18.36082            -470.10486            1479.63342 
           -479.83759              10.57151            -469.26608             851.92032 
           -481.34687              12.74324            -468.60363            1026.93202 
           -490.04760              21.83145            -468.21614            1759.31920 
           -488.83500              21.00060            -467.83439            1692.36400 
           -482.59176              14.97590            -467.61587            1206.85412 
           -480.60133              13.16854            -467.43279            1061.20582 
           -488.70243              21.33365            -467.36878            1719.20306 
           -487.65288              20.50669            -467.14619            1652.56110 
           -481.15960              14.66112            -466.49847            1181.48786 
           -474.47558               9.82432            -464.65127             791.70658 
           -483.06527              19.73303            -463.33224            1590.21427 
           -488.22294              25.29390            -462.92904            2038.34535 
           -489.07654              26.21462            -462.86192            2112.54318 
           -482.53727              19.75272            -462.78455            1591.80172 
           -485.67514              22.89181            -462.78333            1844.76952 
           -496.31392              33.45171            -462.86221            2695.75437 
           -495.66886              32.47559            -463.19327            2617.09196 
           -482.26225              17.63227            -464.62998            1420.92205 
           -482.92667              16.30782            -466.61885            1314.18902 
           -481.03655              13.82464            -467.21192            1114.07829 
           -489.80238              21.98829            -467.81409            1771.95815 
           -491.94793              23.23991            -468.70801            1872.82202 
           -478.83437               9.64925            -469.18512             777.59841 
           -494.41601              24.48694            -469.92907            1973.31541 
           -485.78309              15.56847            -470.21462            1254.60785 
           -485.33269              14.44583            -470.88686            1164.13782 
           -485.29848              13.68386            -471.61462            1102.73386 
           -496.68189              24.05947            -472.62242            1938.86674 
           -493.76327              20.58814            -473.17513            1659.12530 
           -482.69723               9.40626            -473.29097             758.01705 
           -487.03922              13.55331            -473.48591            1092.21305 
           -489.61590              16.08114            -473.53476            1295.92172 
           -489.93634              16.45569            -473.48066            1326.10535 
           -482.19563               9.17014            -473.02549             738.98908 
           -478.10565               6.01805            -472.08761             484.97291 
           -479.04476               8.16178            -470.88298             657.72869 
           -483.66391              13.65121            -470.01270            1100.10244 
           -488.49351              18.96414            -469.52937            1528.25252 
           -480.08607              10.90708            -469.17898             878.96311 
           -477.21713               8.35120            -468.86593             672.99358 
           -489.86853              21.09850            -468.77003            1700.25310 
           -485.93056              17.59239            -468.33817            1417.70825 
           -482.34201              15.14634            -467.19566            1220.59003 
           -483.38062              19.11623            -464.26440            1540.50861 
           -490.35994              27.29627            -463.06367            2199.70903 
           -490.01122              27.17007            -462.84115            2189.53905 
           -485.07034              22.44557            -462.62477            1808.80840 
           -488.54771              26.07851            -462.46919            2101.57447 
           -494.43392              31.97509            -462.45882            2576.75892 
           -491.01176              28.49116            -462.52060            2296.00103 
           -486.86176              24.02587            -462.83588            1936.15971 
           -485.36381              22.32665            -463.03716            1799.22532 
