           -509.19701               0.74907            -508.44794              60.36472 
           -508.85893               0.61882            -508.24012              49.86829 
           -509.32146               1.36675            -507.95470             110.14178 
           -509.26368               1.63080            -507.63289             131.42023 
           -509.14551               1.83577            -507.30974             147.93815 
           -509.05790               2.06873            -506.98917             166.71184 
           -508.53536               1.86916            -506.66621             150.62873 
           -508.41366               2.06525            -506.34842             166.43099 
           -508.74077               2.71315            -506.02762             218.64303 
           -508.95458               3.25559            -505.69899             262.35627 
           -509.29040               3.90122            -505.38918             314.38545 
           -509.56673               4.43002            -505.13670             356.99973 
           -509.65413               4.69472            -504.95941             378.33052 
           -509.86679               5.00625            -504.86054             403.43585 
           -509.69600               4.85996            -504.83605             391.64649 
           -509.33276               4.43408            -504.89868             357.32665 
           -509.26551               4.20692            -505.05859             339.02096 
           -509.08855               3.78267            -505.30589             304.83160 
           -508.93852               3.30923            -505.62930             266.67875 
           -508.90242               2.88813            -506.01429             232.74378 
           -508.79049               2.35024            -506.44025             189.39763 
           -508.89851               2.03066            -506.86786             163.64340 
           -509.03060               1.78610            -507.24450             143.93549 
           -508.98369               1.42952            -507.55417             115.19987 
           -509.24110               1.43717            -507.80392             115.81656 
           -509.66997               1.65927            -508.01069             133.71487 
           -509.79549               1.59340            -508.20209             128.40630 
           -509.85880               1.47148            -508.38732             118.58132 
           -509.86003               1.32273            -508.53730             106.59407 
           -509.77783               1.18049            -508.59734              95.13137 
           -509.84398               1.32728            -508.51670             106.96081 
           -509.77557               1.48480            -508.29077             119.65464 
           -509.53497               1.56797            -507.96700             126.35697 
           -509.45726               1.86673            -507.59052             150.43347 
           -509.26952               2.08668            -507.18283             168.15846 
           -509.16862               2.39381            -506.77481             192.90864 
           -509.20079               2.80662            -506.39417             226.17549 
           -509.10996               3.06894            -506.04102             247.31527 
           -509.19051               3.48003            -505.71049             280.44293 
           -509.54952               4.13091            -505.41860             332.89556 
           -509.78430               4.59176            -505.19253             370.03396 
           -509.97790               4.92852            -505.04938             397.17187 
           -510.44592               5.45997            -504.98595             439.99988 
           -510.65942               5.68517            -504.97425             458.14768 
           -510.48093               5.49206            -504.98887             442.58577 
           -510.24794               5.21786            -505.03008             420.48909 
           -509.89271               4.76919            -505.12352             384.33174 
           -509.66279               4.33461            -505.32818             349.31093 
           -509.56112               3.87289            -505.68823             312.10264 
           -509.59863               3.43243            -506.16620             276.60721 
           -509.69318               3.02804            -506.66513             244.01918 
           -509.93326               2.80985            -507.12341             226.43602 
           -510.22050               2.71108            -507.50942             218.47663 
           -510.30078               2.49704            -507.80374             201.22777 
           -510.30518               2.29418            -508.01100             184.88008 
           -510.35152               2.20261            -508.14891             177.50065 
           -510.38299               2.14627            -508.23671             172.96065 
           -510.50775               2.22516            -508.28259             179.31771 
           -510.65133               2.37396            -508.27737             191.30866 
           -510.62925               2.42142            -508.20784             195.13325 
           -510.66273               2.59399            -508.06873             209.04077 
           -510.68551               2.83039            -507.85512             228.09073 
           -510.48709               2.91911            -507.56798             235.24052 
           -510.36950               3.14794            -507.22156             253.68105 
           -510.28002               3.43870            -506.84132             277.11273 
           -510.11397               3.66699            -506.44698             295.50946 
           -510.33980               4.30384            -506.03596             346.83093 
           -510.53776               4.92138            -505.61638             396.59627 
           -510.66532               5.42161            -505.24372             436.90799 
           -511.16177               6.17872            -504.98305             497.92124 
           -511.41672               6.56187            -504.85485             528.79769 
           -511.52591               6.66983            -504.85608             537.49805 
           -511.62016               6.66647            -504.95370             537.22675 
           -511.39679               6.30422            -505.09257             508.03492 
           -511.32052               6.07386            -505.24666             489.47076 
           -511.17573               5.75580            -505.41993             463.83972 
           -510.71375               5.08127            -505.63247             409.48148 
           -510.64666               4.74750            -505.89917             382.58387 
           -510.73436               4.52600            -506.20837             364.73411 
           -510.65595               4.10554            -506.55041             330.85046 
           -511.08529               4.14996            -506.93534             334.43011 
           -511.38585               4.02514            -507.36071             324.37187 
           -511.41081               3.61454            -507.79627             291.28331 
           -511.84003               3.66704            -508.17299             295.51341 
           -512.04252               3.60180            -508.44072             290.25637 
           -511.93375               3.34153            -508.59221             269.28231 
           -512.02164               3.39411            -508.62753             273.51900 
           -512.16467               3.60390            -508.56077             290.42568 
           -512.16340               3.75665            -508.40675             302.73505 
           -512.28191               4.10217            -508.17974             330.57964 
           -512.06350               4.18227            -507.88123             337.03459 
           -511.80157               4.26744            -507.53413             343.89753 
           -511.81629               4.63212            -507.18416             373.28645 
           -511.67284               4.81953            -506.85331             388.38870 
           -511.70190               5.16634            -506.53557             416.33670 
           -511.71766               5.51145            -506.20621             444.14825 
           -511.75312               5.88812            -505.86500             474.50276 
           -512.15898               6.61908            -505.53990             533.40812 
           -512.55502               7.30754            -505.24748             588.88851 
           -512.79152               7.79445            -504.99707             628.12677 
           -513.03994               8.22330            -504.81664             662.68642 
           -513.21331               8.46122            -504.75209             681.85974 
           -513.21139               8.38657            -504.82482             675.84383 
           -513.09818               8.08393            -505.01425             651.45489 
           -513.05515               7.76691            -505.28824             625.90772 
           -512.83042               7.22358            -505.60684             582.12294 
           -512.63106               6.69213            -505.93893             539.29464 
           -512.60314               6.34372            -506.25942             511.21766 
           -512.57042               5.99696            -506.57346             483.27355 
           -512.83810               5.92089            -506.91721             477.14366 
           -513.07540               5.79686            -507.27854             467.14810 
           -513.30164               5.69269            -507.60896             458.75336 
           -513.55082               5.66975            -507.88107             456.90529 
           -513.64463               5.55007            -508.09457             447.26022 
           -513.81859               5.56335            -508.25524             448.33061 
           -513.96904               5.61450            -508.35454             452.45222 
           -513.84428               5.46594            -508.37834             440.48088 
           -513.70158               5.38728            -508.31430             434.14163 
           -513.89334               5.73718            -508.15615             462.33922 
           -514.01920               6.12518            -507.89402             493.60615 
           -514.06907               6.52965            -507.53943             526.20087 
           -514.10947               6.96981            -507.13966             561.67209 
           -513.79002               7.05472            -506.73531             568.51457 
           -513.64221               7.29133            -506.35088             587.58243 
           -513.80378               7.80979            -505.99399             629.36343 
           -514.09356               8.40489            -505.68868             677.31977 
           -514.30488               8.85345            -505.45143             713.46793 
           -514.67523               9.41164            -505.26360             758.45020 
           -515.18892              10.08671            -505.10221             812.85198 
           -515.30724              10.34187            -504.96537             833.41455 
           -515.35749              10.46475            -504.89274             843.31701 
           -515.25870              10.34428            -504.91442             833.60858 
           -514.96765               9.92932            -505.03833             800.16863 
           -514.88459               9.62171            -505.26288             775.37908 
           -514.89201               9.32365            -505.56836             751.35954 
           -514.70085               8.78272            -505.91813             707.76837 
           -514.79116               8.50539            -506.28576             685.41939 
           -515.05111               8.39336            -506.65776             676.39067 
           -515.24428               8.20416            -507.04012             661.14397 
           -515.55012               8.12910            -507.42102             655.09539 
           -515.65364               7.89880            -507.75485             636.53590 
           -515.91457               7.88749            -508.02709             635.62473 
           -516.45922               8.22379            -508.23543             662.72608 
           -516.81948               8.45004            -508.36944             680.95861 
           -517.14549               8.71320            -508.43229             702.16584 
           -517.54642               9.10803            -508.43838             733.98410 
           -517.96751               9.57176            -508.39574             771.35419 
           -518.48698              10.19012            -508.29686             821.18526 
           -518.84760              10.73034            -508.11726             864.72021 
           -519.44131              11.58983            -507.85148             933.98296 
           -520.63949              13.11882            -507.52067            1057.19922 
           -522.10125              14.95461            -507.14664            1205.13916 
           -523.87888              17.12381            -506.75506            1379.94701 
           -524.78569              18.40855            -506.37715            1483.47929 
           -523.11158              17.08786            -506.02372            1377.04969 
           -523.78408              18.00425            -505.77983            1450.89815 
           -524.52741              18.94152            -505.58589            1526.42945 
           -526.58256              21.12041            -505.46215            1702.01855 
           -526.58495              21.26228            -505.32267            1713.45166 
           -524.75043              19.66227            -505.08816            1584.51272 
           -526.58136              21.74916            -504.83221            1752.68706 
           -525.20038              20.54618            -504.65420            1655.74342 
           -525.83890              21.10641            -504.73250            1700.89026 
           -525.49924              20.53925            -504.95999            1655.18496 
           -528.81768              23.33310            -505.48458            1880.33158 
           -528.88431              22.71386            -506.17045            1830.42931 
           -530.62328              23.47018            -507.15311            1891.37816 
           -533.37839              24.79349            -508.58490            1998.01905 
           -528.74385              18.90359            -509.84026            1523.37297 
           -527.05126              16.40093            -510.65033            1321.69278 
           -523.13326              11.99332            -511.13994             966.49864 
           -525.09411              13.31954            -511.77457            1073.37442 
           -532.61508              19.44400            -513.17109            1566.92240 
           -526.66110              11.77013            -514.89096             948.51318 
           -527.41713              11.32464            -516.09248             912.61271 
           -532.50272              15.70897            -516.79375            1265.93002 
           -532.68119              15.17177            -517.50941            1222.63935 
           -529.63222              11.53175            -518.10047             929.30284 
           -538.05964              19.41313            -518.64652            1564.43493 
           -531.39018              12.47403            -518.91615            1005.23783 
           -533.87920              14.27331            -519.60589            1150.23506 
           -539.13411              18.60158            -520.53253            1499.03505 
           -541.84044              20.58404            -521.25640            1658.79442 
           -538.58947              16.68298            -521.90648            1344.42216 
           -534.85102              12.13392            -522.71710             977.82927 
           -541.01690              17.50463            -523.51227            1410.63589 
           -542.57250              18.93610            -523.63640            1525.99290 
           -534.23984              10.96038            -523.27946             883.25829 
           -537.11609              14.21120            -522.90489            1145.22971 
           -538.81573              16.55672            -522.25901            1334.24712 
           -536.62840              15.08364            -521.54476            1215.53674 
           -536.47662              15.33234            -521.14428            1235.57859 
           -531.49978              10.43493            -521.06485             840.91375 
           -528.79572               7.60687            -521.18885             613.01046 
           -534.45252              13.06391            -521.38861            1052.77430 
           -534.25738              12.99492            -521.26246            1047.21450 
           -533.99188              13.11324            -520.87864            1056.74907 
           -535.67566              15.21036            -520.46530            1225.74849 
           -533.79733              13.71057            -520.08676            1104.88614 
           -532.25111              12.46761            -519.78350            1004.72030 
           -532.24910              12.64601            -519.60309            1019.09669 
           -530.78078              11.09911            -519.68167             894.43775 
           -533.03303              12.87161            -520.16142            1037.27692 
           -534.93950              14.16878            -520.77072            1141.81169 
           -531.61044              10.30454            -521.30590             830.40626 
           -527.01169               5.28000            -521.73168             425.49668 
           -532.05485               9.81427            -522.24058             790.89721 
           -538.27235              15.47773            -522.79462            1247.29485 
           -535.57014              12.44748            -523.12266            1003.09851 
           -531.75774               8.71133            -523.04641             702.01547 
           -533.85881              11.15628            -522.70253             899.04457 
           -536.39929              14.20133            -522.19796            1144.43457 
           -541.19695              19.41840            -521.77855            1564.85988 
           -535.87163              14.55991            -521.31172            1173.33153 
           -533.85642              12.95954            -520.89688            1044.36304 
           -538.02843              17.46742            -520.56101            1407.63707 
           -539.04486              18.86877            -520.17609            1520.56699 
           -538.99360              19.42846            -519.56513            1565.67056 
           -536.24630              17.35794            -518.88836            1398.81474 
           -532.59079              14.21405            -518.37673            1145.46003 
           -537.61916              19.47354            -518.14561            1569.30353 
           -531.41696              13.87775            -517.53921            1118.35810 
           -530.83877              14.67490            -516.16387            1182.59771 
           -537.72295              23.44110            -514.28185            1889.03481 
           -527.55895              14.14198            -513.41697            1139.65175 
           -527.60865              14.34360            -513.26505            1155.89951 
           -528.63213              15.61955            -513.01258            1258.72370 
           -524.86975              12.85774            -512.01201            1036.15926 
           -532.60126              21.74539            -510.85587            1752.38357 
           -519.44826               9.63541            -509.81284             776.48368 
           -528.07500              18.93118            -509.14381            1525.59671 
           -520.52104              13.21229            -507.30875            1064.73125 
           -523.54353              17.21871            -506.32483            1387.59427 
           -521.04265              15.01519            -506.02746            1210.02037 
           -526.06266              20.10922            -505.95345            1620.53009 
           -523.04796              17.73473            -505.31324            1429.17843 
           -522.21924              18.51051            -503.70873            1491.69646 
           -524.76091              21.86557            -502.89534            1762.06859 
           -523.06597              20.45440            -502.61157            1648.34703 
           -524.35345              22.06385            -502.28960            1778.04685 
           -523.99428              22.37444            -501.61984            1803.07627 
           -523.08145              22.46299            -500.61846            1810.21259 
           -521.10759              21.43041            -499.67718            1727.00042 
           -516.92954              18.02577            -498.90377            1452.63266 
           -515.11304              16.99602            -498.11702            1369.64876 
           -518.99568              21.65176            -497.34392            1744.83846 
           -516.23651              19.65059            -496.58592            1583.57105 
           -510.73864              14.74652            -495.99212            1188.36921 
           -510.86631              15.27528            -495.59103            1230.98073 
           -510.38898              15.25144            -495.13754            1229.05935 
           -508.07042              13.56300            -494.50742            1092.99354 
           -505.51485              11.69564            -493.81920             942.51031 
           -502.19984               8.94822            -493.25162             721.10507 
           -503.96707              11.12799            -492.83908             896.76518 
           -503.80709              11.43582            -492.37127             921.57177 
           -501.08829               9.15500            -491.93329             737.76865 
           -498.64231               7.01504            -491.62727             565.31735 
           -498.66579               7.23806            -491.42773             583.28945 
           -501.47374              10.17095            -491.30279             819.64050 
           -500.56932               9.41931            -491.15001             759.06842 
           -498.33760               7.33870            -490.99890             591.39948 
           -496.07786               5.26600            -490.81186             424.36845 
           -496.13238               5.56729            -490.56509             448.64799 
           -498.76067               8.52053            -490.24014             686.63936 
           -502.55486              12.59124            -489.96363            1014.68287 
           -502.34961              12.54891            -489.80070            1011.27184 
           -501.04122              11.29432            -489.74691             910.16866 
           -500.19816              10.46644            -489.73172             843.45331 
           -501.72236              11.99302            -489.72933             966.47519 
           -506.17265              16.42754            -489.74511            1323.83710 
           -507.06948              17.33121            -489.73827            1396.66031 
           -503.86062              14.19097            -489.66965            1143.59989 
           -507.71368              17.95286            -489.76083            1446.75672 
           -510.34291              20.49805            -489.84486            1651.86498 
           -512.55468              22.66509            -489.88959            1826.49868 
           -514.69988              24.75448            -489.94540            1994.87543 
           -511.90827              21.99466            -489.91360            1772.47175 
           -517.45229              27.45193            -490.00036            2212.25353 
           -520.68203              30.62491            -490.05711            2467.95258 
           -522.43709              32.25248            -490.18461            2599.11266 
           -524.61668              34.11965            -490.49703            2749.58084 
           -525.45323              34.40318            -491.05005            2772.42945 
           -530.44277              38.68067            -491.76210            3117.13756 
           -535.69843              43.56225            -492.13618            3510.52664 
           -535.75323              44.10490            -491.64833            3554.25705 
           -527.31101              36.83308            -490.47792            2968.24713 
           -519.63240              30.17724            -489.45516            2431.87634 
           -519.57007              31.61137            -487.95870            2547.44811 
           -519.57162              33.20495            -486.36667            2675.86866 
           -515.56562              30.41987            -485.14575            2451.42903 
           -512.95986              28.27734            -484.68252            2278.77052 
           -514.26879              29.52662            -484.74218            2379.44506 
           -524.08205              39.12263            -484.95942            3152.75368 
           -528.81700              43.85983            -484.95717            3534.50780 
           -532.53417              47.67605            -484.85812            3842.04330 
           -527.71716              43.12799            -484.58917            3475.53160 
           -518.88616              34.50107            -484.38509            2780.31848 
           -513.71556              29.34632            -484.36923            2364.91573 
           -521.13574              36.28199            -484.85375            2923.83664 
           -525.54344              40.05347            -485.48997            3227.76699 
           -526.01077              39.75838            -486.25240            3203.98620 
           -519.35337              32.43817            -486.91519            2614.07689 
           -521.29767              33.28115            -488.01652            2682.00953 
           -519.34814              29.26805            -490.08008            2358.60816 
           -527.53586              35.34180            -492.19406            2848.06967 
           -531.03529              38.19068            -492.84460            3077.65138 
           -528.54680              35.70378            -492.84302            2877.24048 
           -532.84167              40.21687            -492.62480            3240.93440 
           -529.66763              37.71349            -491.95414            3039.19596 
           -523.42349              32.38645            -491.03704            2609.90915 
           -518.37912              28.30412            -490.07499            2280.92866 
           -515.07607              25.63073            -489.44534            2065.48941 
           -513.19871              24.14307            -489.05564            1945.60441 
           -514.28900              25.43393            -488.85507            2049.63025 
           -511.10555              22.40079            -488.70476            1805.20002 
           -508.01208              19.38600            -488.62608            1562.24865 
           -503.66474              15.13856            -488.52618            1219.96239 
           -501.37411              12.98677            -488.38734            1046.55771 
           -505.94910              17.70239            -488.24670            1426.57288 
           -507.10209              19.13883            -487.96326            1542.32991 
           -505.40817              17.84260            -487.56557            1437.87149 
           -505.96677              18.68081            -487.28596            1505.41990 
           -504.18922              17.05750            -487.13172            1374.60323 
           -501.33690              14.33364            -487.00326            1155.09688 
           -504.93028              18.00014            -486.93014            1450.56753 
           -506.28720              19.49085            -486.79634            1570.69853 
           -502.29260              15.75314            -486.53946            1269.48988 
           -500.96629              14.69383            -486.27246            1184.12337 
           -500.60773              14.55872            -486.04901            1173.23504 
           -503.75727              17.83311            -485.92416            1437.10695 
           -506.67939              20.83199            -485.84740            1678.77566 
           -506.34490              20.55709            -485.78781            1656.62271 
           -504.13614              18.41731            -485.71883            1484.18539 
           -506.46944              20.69306            -485.77639            1667.57995 
           -505.70169              19.91830            -485.78339            1605.14490 
           -507.78631              21.98048            -485.80583            1771.32882 
           -507.07855              21.37543            -485.70312            1722.56985 
           -503.98407              18.54310            -485.44097            1494.32280 
           -509.08191              23.73516            -485.34675            1912.73194 
           -508.94678              23.68002            -485.26676            1908.28874 
           -509.25101              24.02031            -485.23070            1935.71119 
           -509.77839              24.62461            -485.15378            1984.40980 
           -509.28617              24.35932            -484.92685            1963.03106 
           -510.01952              25.65813            -484.36139            2067.69771 
           -511.70510              28.10051            -483.60458            2264.52027 
           -509.79141              26.76791            -483.02350            2157.13052 
           -509.21668              26.62730            -482.58938            2145.79956 
           -506.50939              24.89275            -481.61664            2006.01828 
           -508.66573              28.77888            -479.88685            2319.18719 
           -505.53704              26.82809            -478.70896            2161.98016 
           -505.01452              26.92549            -478.08903            2169.82974 
           -500.80677              23.77831            -477.02846            1916.20899 
           -501.93267              26.08896            -475.84371            2102.41641 
           -498.29114              23.29482            -474.99632            1877.24633 
           -499.21414              24.84970            -474.36444            2002.54923 
           -495.05453              21.57762            -473.47691            1738.86393 
           -490.48529              18.00881            -472.47647            1451.26625 
           -495.72132              23.94935            -471.77197            1929.99295 
           -497.33430              26.37834            -470.95597            2125.73620 
           -497.43063              27.74521            -469.68542            2235.88754 
           -496.43090              28.35310            -468.07780            2284.87567 
           -492.41317              25.63657            -466.77660            2065.95987 
           -496.39770              30.66081            -465.73689            2470.84589 
           -499.94643              35.34282            -464.60361            2848.15226 
           -501.31522              37.82369            -463.49153            3048.07676 
           -500.36417              37.63920            -462.72498            3033.20900 
           -499.84934              37.54714            -462.30220            3025.79072 
           -497.79193              35.60343            -462.18850            2869.15361 
           -497.51118              35.20291            -462.30827            2836.87746 
           -496.41861              33.83701            -462.58160            2726.80394 
           -493.45780              30.60038            -462.85742            2465.97562 
           -491.12288              28.07334            -463.04954            2262.33067 
           -491.01516              27.83874            -463.17642            2243.42503 
           -492.18663              28.90830            -463.27833            2329.61692 
           -489.02195              25.67538            -463.34657            2069.08782 
           -485.01300              21.64157            -463.37143            1744.01744 
           -485.64958              22.39003            -463.25955            1804.33244 
           -488.68841              25.55465            -463.13375            2059.35870 
           -487.59603              24.55930            -463.03673            1979.14649 
           -483.66829              20.72638            -462.94192            1670.26499 
           -482.54877              19.60083            -462.94794            1579.56123 
           -481.19845              18.16284            -463.03561            1463.67866 
           -481.94766              18.77421            -463.17344            1512.94704 
           -480.91289              17.58934            -463.32355            1417.46193 
           -481.07069              17.44968            -463.62101            1406.20796 
           -484.06902              20.08444            -463.98458            1618.53369 
           -483.22896              19.12173            -464.10723            1540.95230 
           -484.03281              19.95367            -464.07914            1607.99509 
           -482.40683              18.52815            -463.87868            1493.11779 
           -481.86669              18.32354            -463.54316            1476.62865 
           -482.73070              19.89427            -462.83643            1603.20828 
           -481.44219              19.59389            -461.84831            1579.00159 
           -480.06422              18.91207            -461.15216            1524.05621 
           -482.72351              22.04498            -460.67853            1776.52643 
           -487.67119              27.33615            -460.33504            2202.92282 
           -487.79972              27.89675            -459.90297            2248.09980 
           -490.17675              30.53318            -459.64357            2460.55993 
           -489.25172              29.56889            -459.68282            2382.85185 
           -488.52812              28.65269            -459.87542            2309.01840 
           -493.26260              33.14321            -460.11940            2670.89330 
           -494.35378              34.03240            -460.32139            2742.54971 
           -492.58204              32.14797            -460.43407            2590.69053 
           -496.45994              35.94510            -460.51484            2896.68751 
           -499.09914              38.59274            -460.50640            3110.05156 
           -500.84421              40.52319            -460.32102            3265.61981 
           -505.63582              45.53249            -460.10333            3669.30101 
           -506.24625              46.44639            -459.79986            3742.94909 
           -506.32120              46.83852            -459.48268            3774.54954 
           -507.59817              48.29867            -459.29950            3892.21783 
           -512.21012              53.01656            -459.19355            4272.41603 
           -512.02014              53.09951            -458.92063            4279.10052 
           -511.63832              53.02906            -458.60926            4273.42359 
           -518.99444              60.33088            -458.66356            4861.85085 
           -514.65399              56.05801            -458.59599            4517.51526 
           -513.03990              54.41286            -458.62704            4384.93875 
           -514.33132              55.39057            -458.94075            4463.72874 
           -504.05352              44.99176            -459.06176            3625.72555 
           -506.29856              46.78425            -459.51431            3770.17621 
           -506.49363              46.81521            -459.67842            3772.67121 
           -507.80688              48.04417            -459.76271            3871.70899 
           -504.27354              44.98204            -459.29150            3624.94220 
           -504.52397              46.09041            -458.43356            3714.26231 
           -498.61682              40.84984            -457.76698            3291.94356 
           -500.79440              43.38223            -457.41218            3496.01948 
           -502.52546              45.38258            -457.14288            3657.22076 
           -505.51099              49.23334            -456.27765            3967.53981 
           -503.19893              47.99660            -455.20232            3867.87546 
           -499.98038              45.65351            -454.32688            3679.05371 
           -497.07871              43.76958            -453.30913            3527.23476 
           -501.01450              49.12082            -451.89367            3958.47244 
           -498.82446              48.34497            -450.47949            3895.94901 
           -500.80877              50.97380            -449.83496            4107.79726 
           -502.64951              53.48534            -449.16418            4310.19294 
           -504.04926              55.96028            -448.08899            4509.63956 
           -503.47595              56.46784            -447.00811            4550.54230 
           -500.42970              54.44606            -445.98364            4387.61405 
           -503.60347              58.10879            -445.49467            4682.78091 
           -501.69926              56.56434            -445.13492            4558.31878 
           -499.33654              54.54659            -444.78995            4395.71580 
           -499.69044              55.02159            -444.66885            4433.99376 
           -497.48807              52.75265            -444.73541            4251.14853 
           -491.43955              46.81530            -444.62425            3772.67817 
           -493.68749              48.94731            -444.74018            3944.48987 
           -489.34672              44.59392            -444.75280            3593.66542 
           -490.22130              45.58437            -444.63693            3673.48219 
           -486.19715              41.85119            -444.34596            3372.63817 
           -479.23920              35.15866            -444.08053            2833.31160 
           -481.17813              37.21247            -443.96567            2998.82021 
           -481.96659              38.11626            -443.85033            3071.65383 
           -480.24604              36.37169            -443.87435            2931.06543 
           -476.15732              32.28217            -443.87515            2601.50542 
           -474.54992              30.82036            -443.72957            2483.70294 
           -475.51158              31.81856            -443.69302            2564.14459 
           -472.64516              28.99314            -443.65202            2336.45426 
           -469.68923              25.99993            -443.68929            2095.24212 
           -468.16191              24.29464            -443.86727            1957.81854 
           -471.70608              27.51197            -444.19411            2217.09191 
           -472.36615              27.78507            -444.58108            2239.09971 
           -467.18151              22.22102            -444.96048            1790.71329 
           -466.73627              21.64047            -445.09581            1743.92811 
           -466.93928              21.91155            -445.02773            1765.77362 
           -469.11866              24.12884            -444.98982            1944.45729 
           -470.44635              25.52840            -444.91796            2057.24266 
           -470.02665              25.25887            -444.76777            2035.52262 
           -467.71500              23.24388            -444.47111            1873.14188 
           -466.17783              22.17998            -443.99785            1787.40548 
           -465.44886              21.76102            -443.68784            1753.64308 
           -470.27047              26.66621            -443.60426            2148.93524 
           -469.87816              26.35515            -443.52301            2123.86751 
           -468.05436              24.65733            -443.39703            1987.04641 
           -471.47033              28.17266            -443.29766            2270.33472 
           -471.98471              28.84545            -443.13926            2324.55188 
           -472.96146              29.95389            -443.00756            2413.87770 
           -472.40236              29.70133            -442.70103            2393.52437 
           -474.44759              31.97626            -442.47133            2576.85338 
           -474.05840              31.68201            -442.37639            2553.14020 
           -475.85959              33.56774            -442.29185            2705.10504 
           -476.08873              34.00219            -442.08654            2740.11530 
           -474.67122              32.71335            -441.95787            2636.25217 
           -476.85587              34.80823            -442.04764            2805.07113 
           -480.86917              38.69643            -442.17274            3118.40775 
           -483.11401              41.02558            -442.08844            3306.10514 
           -486.90241              44.76900            -442.13341            3607.77460 
           -484.72879              42.50958            -442.21921            3425.69566 
           -485.80879              43.47728            -442.33151            3503.67937 
           -489.34978              46.81634            -442.53345            3772.76193 
           -486.01368              43.35936            -442.65432            3494.17626 
           -490.11682              47.18361            -442.93321            3802.35914 
           -490.86361              47.91730            -442.94632            3861.48448 
           -495.96707              52.93755            -443.02952            4266.04895 
           -492.47351              49.39470            -443.07881            3980.54302 
           -494.79588              51.47756            -443.31832            4148.39355 
           -493.11213              49.76405            -443.34808            4010.30777 
           -493.59675              50.12572            -443.47103            4039.45361 
           -496.62259              53.04581            -443.57677            4274.77335 
           -503.20038              59.56467            -443.63572            4800.10452 
           -507.30050              63.38201            -443.91849            5107.73073 
           -499.08508              54.81390            -444.27118            4417.25701 
           -498.08789              53.92910            -444.15880            4345.95409 
           -500.90326              57.17393            -443.72933            4607.44350 
           -500.86071              57.97794            -442.88278            4672.23571 
           -505.02574              63.02561            -442.00012            5079.01001 
           -497.93041              56.79388            -441.13653            4576.81645 
           -502.58749              62.10931            -440.47818            5005.16798 
           -485.93337              46.17852            -439.75484            3721.36277 
           -495.58158              55.63026            -439.95132            4483.04454 
           -499.82120              59.80569            -440.01551            4819.52787 
           -504.13515              63.74362            -440.39152            5136.87187 
           -495.20640              54.51397            -440.69242            4393.08719 
           -503.27667              62.19693            -441.07974            5012.22922 
           -504.15932              62.94392            -441.21540            5072.42653 
           -496.99426              55.78879            -441.20547            4495.82004 
           -491.88065              50.68451            -441.19614            4084.48405 
           -505.52213              64.07432            -441.44781            5163.52102 
           -502.33073              61.21515            -441.11558            4933.11104 
           -496.47805              55.66299            -440.81507            4485.68189 
           -497.53780              56.85815            -440.67964            4581.99625 
           -498.47016              57.91908            -440.55109            4667.49221 
           -491.16518              50.75537            -440.40981            4090.19495 
           -488.42271              48.18682            -440.23589            3883.20455 
           -495.95254              55.88452            -440.06803            4503.53444 
           -491.78823              52.59680            -439.19143            4238.58889 
           -495.73566              57.03217            -438.70349            4596.01963 
           -486.71615              48.79676            -437.91939            3932.35749 
           -493.96820              56.56724            -437.40096            4558.55220 
           -489.84942              52.78400            -437.06542            4253.67502 
           -484.38186              47.66652            -436.71534            3841.27497 
           -490.83160              54.39870            -436.43290            4383.79760 
           -482.63753              46.51429            -436.12324            3748.42072 
           -479.73295              43.75295            -435.98000            3525.89448 
           -476.48497              40.52858            -435.95640            3266.05398 
           -472.84234              36.90673            -435.93561            2974.18190 
           -477.89248              42.02452            -435.86797            3386.60627 
           -479.68276              43.94636            -435.73640            3541.48069 
           -479.92735              44.54527            -435.38208            3589.74484 
           -479.89130              44.73195            -435.15935            3604.78852 
           -471.49458              36.55682            -434.93776            2945.98372 
           -472.38972              37.75970            -434.63002            3042.92023 
           -474.40957              40.07976            -434.32981            3229.88562 
           -471.61066              37.43765            -434.17300            3016.96701 
           -475.13460              40.99950            -434.13510            3304.00388 
           -474.05157              39.98918            -434.06239            3222.58557 
           -469.58931              35.31465            -434.27466            2845.88182 
           -467.20672              32.73650            -434.47021            2638.11809 
           -470.56282              35.88034            -434.68249            2891.46856 
           -472.14780              37.27056            -434.87725            3003.50144 
           -471.94277              36.95057            -434.99220            2977.71486 
           -466.87037              31.90288            -434.96750            2570.93942 
           -465.00182              29.98124            -435.02058            2416.08158 
           -465.68590              30.61771            -435.06819            2467.37219 
           -468.79053              33.48641            -435.30412            2698.55023 
           -467.89959              32.48226            -435.41733            2617.62964 
           -472.37340              36.81445            -435.55894            2966.74589 
           -472.32911              36.70496            -435.62415            2957.92215 
           -467.40751              31.89541            -435.51210            2570.33726 
           -473.13363              37.48593            -435.64770            3020.85760 
           -470.38105              34.75616            -435.62489            2800.87548 
           -467.95063              32.51844            -435.43219            2620.54531 
           -468.94674              33.70434            -435.24239            2716.11299 
           -470.07900              34.77958            -435.29942            2802.76296 
           -471.34653              36.09553            -435.25100            2908.81042 
           -474.38372              39.21171            -435.17202            3159.93200 
           -473.72475              38.73084            -434.99390            3121.18076 
           -472.05684              37.48978            -434.56706            3021.16758 
           -475.62146              41.29632            -434.32514            3327.92386 
           -475.02414              40.93661            -434.08752            3298.93611 
           -480.82294              46.89484            -433.92811            3779.08805 
           -477.53791              43.87160            -433.66631            3535.45606 
           -471.25138              37.94219            -433.30919            3057.62583 
           -477.52899              44.27938            -433.24962            3568.31730 
           -484.37644              51.15564            -433.22080            4122.45121 
           -483.28342              50.32934            -432.95408            4055.86199 
           -482.15586              49.63974            -432.51612            4000.29019 
           -481.84963              49.64944            -432.20019            4001.07169 
           -482.25388              50.31607            -431.93781            4054.79263 
           -484.94914              53.10385            -431.84530            4279.44993 
           -477.48911              45.39531            -432.09380            3658.24641 
           -484.80132              51.83815            -432.96317            4177.45191 
           -476.45107              43.32634            -433.12474            3491.51550 
           -484.56199              50.99613            -433.56587            4109.59648 
           -475.91551              41.93517            -433.98034            3379.40606 
           -477.60143              42.89503            -434.70640            3456.75770 
           -478.68856              43.59794            -435.09062            3513.40292 
           -485.86063              50.62221            -435.23843            4079.46338 
           -491.98544              56.70547            -435.27996            4569.69242 
           -477.57020              42.71620            -434.85399            3442.34692 
           -482.39590              47.83210            -434.56380            3854.61866 
           -482.62432              49.18516            -433.43916            3963.65685 
           -483.78825              51.32434            -432.46391            4136.04601 
           -481.29069              49.32195            -431.96874            3974.68040 
           -485.25881              53.94458            -431.31423            4347.20157 
           -487.25014              56.21875            -431.03139            4530.46864 
           -480.88538              49.74170            -431.14369            4008.50628 
           -478.31279              46.87992            -431.43287            3777.88568 
           -479.80001              47.71852            -432.08149            3845.46541 
           -484.02088              51.12193            -432.89895            4119.73452 
           -487.85484              54.49257            -433.36227            4391.36231 
           -485.89564              52.22756            -433.66808            4208.83334 
           -495.00697              61.09444            -433.91254            4923.38343 
           -487.07523              53.36889            -433.70634            4300.80877 
