           -508.28358               1.29963            -506.98394             104.73285 
           -507.55676               0.71565            -506.84111              57.67138 
           -508.35642               1.74275            -506.61367             140.44196 
           -508.30264               2.01059            -506.29205             162.02596 
           -508.33298               2.37678            -505.95620             191.53653 
           -508.25398               2.62411            -505.62988             211.46736 
           -508.14244               2.85467            -505.28777             230.04734 
           -507.57113               2.68505            -504.88608             216.37887 
           -507.61596               3.17133            -504.44464             255.56589 
           -508.34273               4.25843            -504.08430             343.17192 
           -508.24440               4.43540            -503.80901             357.43270 
           -508.54379               4.95644            -503.58735             399.42206 
           -508.85047               5.44532            -503.40515             438.81895 
           -509.13708               5.85053            -503.28655             471.47308 
           -508.87356               5.63645            -503.23711             454.22113 
           -508.70195               5.41893            -503.28302             436.69210 
           -508.47523               5.03101            -503.44423             405.43087 
           -507.98919               4.27210            -503.71709             344.27344 
           -507.97461               3.91909            -504.05551             315.82587 
           -507.81272               3.41179            -504.40094             274.94379 
           -507.77009               2.99362            -504.77647             241.24494 
           -507.88268               2.66681            -505.21587             214.90864 
           -507.91830               2.23316            -505.68514             179.96227 
           -508.03775               1.94422            -506.09353             156.67802 
           -508.12160               1.71353            -506.40808             138.08690 
           -508.40197               1.73389            -506.66808             139.72797 
           -508.68985               1.79383            -506.89602             144.55813 
           -509.04697               1.97239            -507.07458             158.94771 
           -509.09888               1.94100            -507.15788             156.41866 
           -508.95302               1.80828            -507.14475             145.72247 
           -508.79220               1.75082            -507.04138             141.09201 
           -508.63074               1.79538            -506.83537             144.68303 
           -508.59881               2.04217            -506.55664             164.57112 
           -508.25340               2.01907            -506.23433             162.70932 
           -507.97216               2.09807            -505.87409             169.07614 
           -507.95822               2.52070            -505.43752             203.13433 
           -508.20823               3.25585            -504.95238             262.37718 
           -508.11325               3.58631            -504.52694             289.00834 
           -508.20558               3.99803            -504.20755             322.18718 
           -508.63793               4.67863            -503.95931             377.03389 
           -508.40560               4.67224            -503.73336             376.51911 
           -508.38959               4.84236            -503.54723             390.22859 
           -508.98083               5.55796            -503.42287             447.89621 
           -509.54741               6.18474            -503.36268             498.40599 
           -509.52232               6.15047            -503.37185             495.64412 
           -509.13349               5.66922            -503.46427             456.86247 
           -509.03371               5.37348            -503.66022             433.03003 
           -508.42206               4.49404            -503.92802             362.15841 
           -508.15599               3.91142            -504.24457             315.20723 
           -508.48238               3.83700            -504.64538             309.21004 
           -508.21055               3.09318            -505.11737             249.26875 
           -508.32589               2.74381            -505.58208             221.11408 
           -508.81934               2.84269            -505.97665             229.08221 
           -509.36648               3.05951            -506.30697             246.55511 
           -509.28090               2.68494            -506.59596             216.36978 
           -509.22780               2.39613            -506.83167             193.09570 
           -509.24367               2.28187            -506.96180             183.88781 
           -508.94619               1.96362            -506.98257             158.24086 
           -509.18640               2.24970            -506.93669             181.29564 
           -509.41337               2.58488            -506.82849             208.30624 
           -509.19237               2.55747            -506.63489             206.09772 
           -509.19810               2.82081            -506.37730             227.31865 
           -509.04620               2.95921            -506.08699             238.47248 
           -508.94485               3.19164            -505.75321             257.20320 
           -508.92025               3.56381            -505.35644             287.19465 
           -508.74845               3.83160            -504.91685             308.77540 
           -508.94362               4.42950            -504.51411             356.95786 
           -508.77896               4.61186            -504.16709             371.65374 
           -509.25221               5.40386            -503.84835             435.47785 
           -509.76390               6.21928            -503.54462             501.18960 
           -509.86759               6.55854            -503.30905             528.52949 
           -510.19051               6.99851            -503.19199             563.98539 
           -510.18481               6.99285            -503.19196             563.52850 
           -510.14295               6.83820            -503.30475             551.06605 
           -509.79042               6.27982            -503.51061             506.06800 
           -509.85912               6.06906            -503.79006             489.08375 
           -509.64870               5.56256            -504.08614             448.26718 
           -508.92921               4.54516            -504.38406             366.27791 
           -509.02943               4.30728            -504.72214             347.10864 
           -508.95991               3.87202            -505.08789             312.03247 
           -509.17281               3.70209            -505.47072             298.33819 
           -509.45758               3.61047            -505.84711             290.95508 
           -509.72951               3.50870            -506.22081             282.75344 
           -510.46309               3.85274            -506.61034             310.47897 
           -510.44685               3.48559            -506.96126             280.89139 
           -510.53991               3.33785            -507.20205             268.98559 
           -510.71367               3.40877            -507.30490             274.70036 
           -510.52062               3.24858            -507.27205             261.79115 
           -510.60160               3.49978            -507.10182             282.03473 
           -510.51256               3.69063            -506.82193             297.41446 
           -510.18765               3.69070            -506.49695             297.42030 
           -509.97329               3.81416            -506.15912             307.36981 
           -510.21441               4.41599            -505.79842             355.86915 
           -510.50903               5.10314            -505.40589             411.24403 
           -510.07369               5.06145            -505.01223             407.88458 
           -510.02642               5.37062            -504.65580             432.79900 
           -510.29462               5.96355            -504.33107             480.58148 
           -509.98800               5.96338            -504.02463             480.56727 
           -510.56870               6.80629            -503.76241             548.49479 
           -511.13435               7.57588            -503.55847             610.51325 
           -510.82686               7.41307            -503.41379             597.39300 
           -511.41573               8.07430            -503.34143             650.67879 
           -511.59764               8.26044            -503.33720             665.67911 
           -511.60374               8.15494            -503.44880             657.17742 
           -511.51174               7.83675            -503.67499             631.53572 
           -510.77312               6.80447            -503.96866             548.34783 
           -511.07925               6.75063            -504.32861             544.00944 
           -510.69755               5.96635            -504.73120             480.80689 
           -510.77758               5.61213            -505.16545             452.26145 
           -510.84352               5.31399            -505.52952             428.23586 
           -511.02632               5.16991            -505.85641             416.62472 
           -511.55259               5.36236            -506.19023             432.13361 
           -511.62725               5.12033            -506.50692             412.62889 
           -512.01535               5.24012            -506.77523             422.28273 
           -511.89158               4.95420            -506.93738             399.24173 
           -512.19533               5.19159            -507.00374             418.37185 
           -512.46665               5.49423            -506.97242             442.76067 
           -511.81303               4.96924            -506.84379             400.45349 
           -511.53039               4.86819            -506.66220             392.31029 
           -511.70155               5.24721            -506.45435             422.85364 
           -511.88222               5.67930            -506.20292             457.67464 
           -512.07426               6.22105            -505.85320             501.33265 
           -511.88497               6.51090            -505.37408             524.69012 
           -511.76366               6.90684            -504.85682             556.59780 
           -511.79064               7.39568            -504.39496             595.99128 
           -512.19503               8.17194            -504.02309             658.54792 
           -512.53205               8.78975            -503.74229             708.33499 
           -512.64343               9.07524            -503.56819             731.34135 
           -512.81243               9.33812            -503.47432             752.52555 
           -513.17738               9.76977            -503.40761             787.31087 
           -513.27145               9.91568            -503.35576             799.06958 
           -513.10792               9.76420            -503.34372             786.86179 
           -513.27329               9.84555            -503.42775             793.41744 
           -513.15151               9.53464            -503.61686             768.36295 
           -512.80266               8.91710            -503.88556             718.59762 
           -512.74387               8.50202            -504.24185             685.14765 
           -512.60077               7.92267            -504.67810             638.45960 
           -512.43207               7.29893            -505.13314             588.19506 
           -512.65217               7.11555            -505.53663             573.41653 
           -513.02179               7.13434            -505.88745             574.93105 
           -513.38350               7.15140            -506.23209             576.30610 
           -513.43341               6.86149            -506.57191             552.94344 
           -513.83621               6.96648            -506.86974             561.40361 
           -514.42041               7.34751            -507.07289             592.11007 
           -514.16370               7.02088            -507.14282             565.78800 
           -514.17226               7.06926            -507.10300             569.68624 
           -514.39319               7.41248            -506.98071             597.34515 
           -514.38827               7.56929            -506.81898             609.98234 
           -514.49111               7.84937            -506.64173             632.55315 
           -514.07656               7.69226            -506.38430             619.89185 
           -513.80674               7.79086            -506.01588             627.83752 
           -513.76368               8.19978            -505.56391             660.79087 
           -514.05484               8.93081            -505.12403             719.70223 
           -514.23428               9.51002            -504.72426             766.37878 
           -514.31656               9.98521            -504.33136             804.67221 
           -514.71123              10.74098            -503.97025             865.57721 
           -514.97509              11.29506            -503.68003             910.22900 
           -515.25231              11.76028            -503.49203             947.71885 
           -515.48591              12.08175            -503.40416             973.62546 
           -515.94271              12.55548            -503.38723            1011.80133 
           -516.38071              12.95543            -503.42529            1044.03177 
           -516.37855              12.86086            -503.51768            1036.41110 
           -516.49704              12.83466            -503.66238            1034.29953 
           -516.94696              13.06875            -503.87820            1053.16430 
           -517.11418              12.93016            -504.18402            1041.99533 
           -517.76907              13.20480            -504.56427            1064.12784 
           -518.65295              13.72329            -504.92966            1105.91135 
           -519.65229              14.41227            -505.24002            1161.43366 
           -521.44752              15.92195            -505.52557            1283.09317 
           -523.71185              17.90354            -505.80831            1442.78280 
           -526.77211              20.67822            -506.09389            1666.38396 
           -528.57928              22.24162            -506.33766            1792.37339 
           -527.81464              21.32752            -506.48712            1718.70931 
           -530.50554              23.87860            -506.62694            1924.29118 
           -531.27356              24.62588            -506.64768            1984.51181 
           -536.08879              29.43080            -506.65799            2371.72359 
           -538.89330              32.29385            -506.59945            2602.44652 
           -538.79448              32.23284            -506.56163            2597.53022 
           -540.05051              33.25940            -506.79111            2680.25701 
           -536.26117              29.01235            -507.24882            2338.00183 
           -540.89573              32.95948            -507.93625            2656.08757 
           -535.37260              26.96400            -508.40860            2172.93310 
           -535.39275              26.31173            -509.08102            2120.36878 
           -537.82615              27.52119            -510.30496            2217.83448 
           -533.63736              21.80553            -511.83183            1757.23043 
           -531.38461              18.71457            -512.67004            1508.14046 
           -533.49844              20.55512            -512.94332            1656.46377 
           -527.19591              14.30996            -512.88594            1153.18892 
           -527.36022              14.37539            -512.98483            1158.46163 
           -529.04019              15.80485            -513.23535            1273.65626 
           -526.37676              12.41932            -513.95744            1000.82898 
           -531.30310              16.05509            -515.24802            1293.82221 
           -526.30028              10.53506            -515.76522             848.98313 
           -531.50510              15.47529            -516.02981            1247.09838 
           -531.70517              15.54050            -516.16467            1252.35363 
           -538.83875              22.30715            -516.53160            1797.65381 
           -539.08895              22.66408            -516.42487            1826.41737 
           -535.75666              19.69159            -516.06507            1586.87524 
           -535.01973              19.53887            -515.48086            1574.56782 
           -543.23757              27.96276            -515.27480            2253.41950 
           -545.40546              30.06676            -515.33870            2422.97297 
           -543.71559              28.31750            -515.39809            2282.00630 
           -545.24944              29.82750            -515.42194            2403.69204 
           -538.92272              23.80755            -515.11517            1918.56548 
           -541.51561              26.58134            -514.93427            2142.09558 
           -541.40416              26.61431            -514.78985            2144.75244 
           -541.41191              26.64049            -514.77141            2146.86265 
           -536.82208              22.06464            -514.75744            1778.11067 
           -533.73306              18.94192            -514.79113            1526.46231 
           -531.49438              16.71843            -514.77595            1347.27844 
           -530.91021              16.18800            -514.72221            1304.53339 
           -530.81286              16.16784            -514.64502            1302.90856 
           -527.69758              13.19471            -514.50287            1063.31455 
           -526.08070              11.73821            -514.34249             945.94072 
           -525.51602              11.30386            -514.21216             910.93753 
           -522.83167               8.67170            -514.15997             698.82131 
           -521.67484               7.45464            -514.22020             600.74316 
           -522.45122               8.11992            -514.33130             654.35539 
           -521.90125               7.49981            -514.40143             604.38338 
           -521.37356               6.98419            -514.38937             562.83073 
           -519.77749               5.64200            -514.13549             454.66868 
           -518.05773               4.55076            -513.50697             366.72928 
           -520.35059               7.63284            -512.71775             615.10378 
           -523.13240              10.99660            -512.13580             886.17649 
           -520.36949               8.66620            -511.70329             698.37785 
           -521.55368              10.21641            -511.33727             823.30436 
           -523.59243              12.83348            -510.75895            1034.20417 
           -523.19836              13.29729            -509.90107            1071.58133 
           -525.77912              16.54060            -509.23852            1332.94806 
           -527.91948              18.99585            -508.92363            1530.80808 
           -526.98311              18.15754            -508.82557            1463.25181 
           -524.96091              16.19202            -508.76889            1304.85695 
           -529.59235              20.74476            -508.84759            1671.74646 
           -526.88585              18.08530            -508.80055            1457.43009 
           -528.38271              19.71346            -508.66925            1588.63723 
           -529.64234              21.35731            -508.28502            1721.10993 
           -526.81389              19.32829            -507.48560            1557.59791 
           -527.17502              20.70547            -506.46955            1668.57977 
           -523.15608              17.69774            -505.45834            1426.19802 
           -524.40380              19.62050            -504.78330            1581.14624 
           -518.44785              14.53442            -503.91343            1171.27702 
           -513.41392              11.38922            -502.02470             917.81649 
           -516.27850              15.99390            -500.28460            1288.89111 
           -514.64302              15.19903            -499.44399            1224.83600 
           -515.10438              16.33897            -498.76540            1316.69969 
           -507.11763               9.99263            -497.12500             805.27071 
           -506.30058              11.00833            -495.29225             887.12235 
           -502.50445               8.30675            -494.19769             669.41173 
           -509.98130              16.60061            -493.38070            1337.78386 
           -505.89697              14.51950            -491.37747            1170.07503 
           -510.54566              20.86070            -489.68496            1681.08953 
           -505.49759              16.71020            -488.78739            1346.61520 
           -509.90370              21.96106            -487.94264            1769.76342 
           -507.30586              21.80705            -485.49882            1757.35227 
           -512.11417              28.33802            -483.77615            2283.66016 
           -513.49549              30.37119            -483.12430            2447.50591 
           -515.03465              32.36858            -482.66606            2608.46889 
           -512.63794              30.58729            -482.05064            2464.92118 
           -515.69039              34.07403            -481.61636            2745.90467 
           -514.54177              33.15950            -481.38228            2672.20589 
           -515.56005              34.18284            -481.37721            2754.67318 
           -513.71301              32.18118            -481.53183            2593.36717 
           -508.85783              26.93929            -481.91855            2170.94125 
           -509.83410              27.29021            -482.54389            2199.22084 
           -509.21496              26.18887            -483.02609            2110.46790 
           -505.16485              21.86377            -483.30107            1761.92360 
           -504.66121              21.08545            -483.57576            1699.20130 
           -502.09172              18.25496            -483.83676            1471.10215 
           -500.53703              16.46337            -484.07366            1326.72456 
           -500.83313              16.62630            -484.20683            1339.85420 
           -499.10564              14.85173            -484.25391            1196.84799 
           -497.21436              12.91731            -484.29705            1040.96009 
           -497.07632              12.71227            -484.36406            1024.43641 
           -497.80301              13.33307            -484.46994            1074.46465 
           -497.35425              12.77504            -484.57920            1029.49519 
           -497.59023              12.89187            -484.69835            1038.91027 
           -498.29729              13.49668            -484.80061            1087.64966 
           -499.99393              15.10944            -484.88449            1217.61566 
           -503.24238              18.33519            -484.90720            1477.56735 
           -503.72178              19.08842            -484.63336            1538.26755 
           -502.34488              18.36359            -483.98129            1479.85639 
           -503.38487              20.02139            -483.36348            1613.45280 
           -503.16441              20.26828            -482.89613            1633.34842 
           -502.38294              20.01504            -482.36790            1612.94105 
           -502.32862              20.72010            -481.60852            1669.75908 
           -499.65774              19.01258            -480.64516            1532.15592 
           -498.85866              18.86151            -479.99716            1519.98191 
           -500.70721              21.23275            -479.47447            1711.07150 
           -503.82942              25.17919            -478.65023            2029.10148 
           -505.24116              27.98295            -477.25821            2255.04637 
           -505.52567              29.31688            -476.20879            2362.54307 
           -509.53712              33.93959            -475.59753            2735.07109 
           -514.39122              39.26221            -475.12901            3164.00148 
           -512.53405              37.81966            -474.71439            3047.75190 
           -516.31948              41.78215            -474.53732            3367.07517 
           -519.80723              45.34893            -474.45830            3654.50904 
           -522.14477              47.66699            -474.47778            3841.31292 
           -521.59304              47.06490            -474.52814            3792.79272 
           -522.61063              47.92977            -474.68086            3862.48988 
           -517.77571              43.04785            -474.72786            3469.07292 
           -519.53897              44.69306            -474.84591            3601.65474 
           -523.84009              48.71790            -475.12219            3926.00183 
           -521.47813              45.98758            -475.49055            3705.97502 
           -518.06789              41.74667            -476.32122            3364.21586 
           -510.62693              32.91327            -477.71366            2652.36294 
           -515.31873              35.83953            -479.47920            2888.18027 
           -508.74361              28.19040            -480.55321            2271.76410 
           -520.02465              38.01940            -482.00525            3063.84803 
           -513.45669              30.77162            -482.68507            2479.77566 
           -517.49251              35.24770            -482.24481            2840.48635 
           -522.34587              41.45427            -480.89160            3340.65205 
           -529.16907              49.26213            -479.90694            3969.85993 
           -523.13955              43.89775            -479.24181            3537.56307 
           -516.65772              37.96866            -478.68906            3059.75884 
           -515.88461              37.54732            -478.33729            3025.80476 
           -503.34160              25.75893            -477.58267            2075.82031 
           -505.73761              28.88240            -476.85521            2327.52993 
           -507.37194              31.41540            -475.95654            2531.65522 
           -515.24369              39.97754            -475.26616            3221.64728 
           -509.52052              34.97158            -474.54894            2818.23503 
           -520.94831              46.90113            -474.04719            3779.59480 
           -519.44622              46.03551            -473.41071            3709.83799 
           -512.46179              40.11088            -472.35091            3232.39303 
           -517.48485              46.44061            -471.04424            3742.48310 
           -517.71962              47.52122            -470.19840            3829.56618 
           -515.29463              45.53645            -469.75818            3669.62042 
           -515.96836              46.36554            -469.60282            3736.43394 
           -517.51347              47.76237            -469.75110            3848.99945 
           -512.89879              42.72824            -470.17056            3443.31645 
           -510.70365              39.94055            -470.76310            3218.66662 
           -508.02902              37.05205            -470.97697            2985.89308 
           -503.95938              32.96964            -470.98975            2656.90558 
           -499.68288              28.73233            -470.95055            2315.43625 
           -501.10124              30.14213            -470.95911            2429.04692 
           -504.10706              33.17622            -470.93084            2673.55344 
           -500.20018              29.38234            -470.81784            2367.81817 
           -495.32441              24.55746            -470.76695            1978.99832 
           -496.68878              25.88785            -470.80093            2086.21002 
           -498.26412              27.56533            -470.69879            2221.39167 
           -497.02771              26.42039            -470.60732            2129.12497 
           -494.41808              23.91225            -470.50583            1927.00345 
           -492.60594              22.39995            -470.20599            1805.13235 
           -492.33183              22.71975            -469.61207            1830.90414 
           -491.72921              22.80342            -468.92579            1837.64678 
           -489.01095              20.86998            -468.14097            1681.83705 
           -490.04123              22.50040            -467.54083            1813.22750 
           -488.26478              20.99422            -467.27056            1691.84925 
           -490.52657              23.34059            -467.18597            1880.93530 
           -488.81457              21.80430            -467.01028            1757.13076 
           -489.26905              22.47612            -466.79293            1811.27057 
           -489.54082              23.04514            -466.49568            1857.12576 
           -486.80017              20.60680            -466.19337            1660.62871 
           -487.76760              21.75060            -466.01700            1752.80316 
           -490.35588              24.52690            -465.82898            1976.53584 
           -489.15351              23.66848            -465.48503            1907.35862 
           -489.62729              24.48499            -465.14229            1973.15857 
           -488.76133              24.02744            -464.73389            1936.28586 
           -487.47387              23.23459            -464.23929            1872.39264 
           -494.07904              30.24739            -463.83165            2437.52913 
           -495.94443              32.49655            -463.44788            2618.78103 
           -493.71491              30.27165            -463.44326            2439.48492 
           -493.03065              29.23443            -463.79622            2355.89896 
           -490.24347              26.15630            -464.08717            2107.84342 
           -491.70896              27.41686            -464.29211            2209.42686 
           -496.66319              32.16945            -464.49374            2592.42128 
           -496.68861              32.13784            -464.55077            2589.87396 
           -497.48503              33.02816            -464.45686            2661.62218 
           -493.14369              29.05748            -464.08621            2341.63870 
           -495.14744              31.40331            -463.74413            2530.68103 
           -498.18301              34.66813            -463.51488            2793.78105 
           -496.46325              33.15148            -463.31176            2671.56009 
           -498.99651              35.85226            -463.14425            2889.20591 
           -503.09613              39.90835            -463.18778            3216.07209 
           -500.87474              37.68759            -463.18715            3037.10874 
           -505.29055              42.03539            -463.25516            3387.48265 
           -502.72979              39.62747            -463.10231            3193.43715 
           -504.64172              41.60159            -463.04013            3352.52391 
           -506.49549              43.34017            -463.15532            3492.63046 
           -505.75087              42.32002            -463.43085            3410.42002 
           -509.47898              45.62866            -463.85032            3677.05132 
           -506.83946              42.55083            -464.28863            3429.01957 
           -510.58371              45.76310            -464.82061            3687.88546 
           -508.19359              42.97146            -465.22213            3462.91715 
           -508.41129              42.48496            -465.92633            3423.71188 
           -508.90700              42.34046            -466.56654            3412.06688 
           -507.91892              40.90999            -467.00893            3296.79076 
           -509.69447              42.19058            -467.50389            3399.98874 
           -509.90349              41.96428            -467.93920            3381.75228 
           -505.16019              36.76425            -468.39594            2962.70046 
           -509.35849              40.16210            -469.19640            3236.52057 
           -511.15584              41.40615            -469.74969            3336.77393 
           -507.31945              37.30190            -470.01755            3006.02724 
           -515.12765              44.62690            -470.50075            3596.32301 
           -512.96869              42.49690            -470.47179            3424.67425 
           -510.54450              40.45751            -470.08698            3260.32701 
           -517.58652              47.60522            -469.98130            3836.33548 
           -507.13691              37.34042            -469.79648            3009.13186 
           -514.84758              44.51953            -470.32805            3587.67078 
           -513.20598              42.35331            -470.85266            3413.10286 
           -508.81033              37.69761            -471.11272            3037.91596 
           -516.04402              44.86769            -471.17633            3615.72743 
           -512.70075              42.22979            -470.47096            3403.14866 
           -504.18172              34.76137            -469.42035            2801.29517 
           -510.55983              41.75456            -468.80526            3364.85162 
           -508.20581              39.84541            -468.36040            3210.99960 
           -510.43937              42.35471            -468.08467            3413.21504 
           -509.73571              41.76134            -467.97437            3365.39774 
           -509.27539              41.31366            -467.96174            3329.32044 
           -511.04028              43.17498            -467.86530            3479.31803 
           -512.24445              44.54809            -467.69636            3589.97237 
           -509.75024              42.19202            -467.55822            3400.10463 
           -506.88340              39.53989            -467.34351            3186.37912 
           -503.81632              36.82788            -466.98844            2967.82767 
           -508.89758              42.02558            -466.87200            3386.69160 
           -504.82442              38.05018            -466.77424            3066.32858 
           -502.03527              35.24232            -466.79295            2840.05286 
           -510.84766              43.72918            -467.11847            3523.97935 
           -502.04299              34.71811            -467.32487            2797.80925 
           -501.42878              33.89987            -467.52891            2731.87014 
           -504.88662              37.25212            -467.63451            3002.01540 
           -505.41563              37.78911            -467.62652            3045.28988 
           -503.10704              35.58373            -467.52332            2867.56598 
           -502.94842              35.65096            -467.29745            2872.98427 
           -499.47505              32.79292            -466.68213            2642.66447 
           -502.08038              35.90825            -466.17213            2893.71783 
           -496.68808              30.97321            -465.71487            2496.02108 
           -499.33253              34.00474            -465.32779            2740.32073 
           -505.14354              40.45294            -464.69060            3259.95828 
           -501.41756              37.40623            -464.01133            3014.43476 
           -497.15639              33.54211            -463.61427            2703.03950 
           -498.75565              35.53207            -463.22357            2863.40322 
           -500.05017              37.44654            -462.60363            3017.68308 
           -495.55433              33.42403            -462.13030            2693.52402 
           -497.98951              36.42018            -461.56933            2934.97274 
           -499.67636              38.53696            -461.13940            3105.55634 
           -496.00744              35.14373            -460.86371            2832.10829 
           -493.35274              32.85747            -460.49527            2647.86687 
           -493.24470              33.33035            -459.91435            2685.97425 
           -498.72802              39.05018            -459.67784            3146.91487 
           -495.71571              36.35027            -459.36544            2929.33907 
           -495.48738              36.36204            -459.12534            2930.28779 
           -495.86716              37.09868            -458.76848            2989.65019 
           -500.17520              41.84939            -458.32581            3372.49353 
           -494.02087              36.19928            -457.82159            2917.17081 
           -489.52137              32.06252            -457.45885            2583.80404 
           -492.42428              35.65433            -456.76995            2873.25581 
           -488.12945              32.55518            -455.57427            2623.50572 
           -488.40503              33.92576            -454.47927            2733.95627 
           -491.91021              38.26284            -453.64737            3083.46633 
           -489.67337              36.65605            -453.01732            2953.98081 
           -492.09335              39.38181            -452.71154            3173.63956 
           -489.61386              37.23506            -452.37880            3000.64106 
           -489.05212              36.96673            -452.08539            2979.01721 
           -494.24977              42.04502            -452.20475            3388.25835 
           -489.50318              37.52255            -451.98063            3023.80842 
           -487.24908              35.43803            -451.81105            2855.82475 
           -485.26746              33.59892            -451.66854            2707.61743 
           -485.00433              33.82368            -451.18065            2725.72968 
           -493.40909              42.64911            -450.75998            3436.94003 
           -487.26203              37.13564            -450.12640            2992.62877 
           -487.82515              38.17272            -449.65243            3076.20374 
           -481.49340              32.40047            -449.09293            2611.03885 
           -486.20010              37.26237            -448.93774            3002.84144 
           -482.03509              33.39296            -448.64213            2691.02005 
           -490.29591              41.53968            -448.75623            3347.53465 
           -483.43742              34.87890            -448.55852            2810.76619 
           -485.20239              36.94587            -448.25652            2977.33610 
           -486.88526              39.09952            -447.78575            3150.89100 
           -485.41494              37.94539            -447.46955            3057.88410 
           -483.59020              36.36316            -447.22704            2930.37797 
           -480.61624              33.68910            -446.92713            2714.88504 
           -476.84230              30.10873            -446.73357            2426.35546 
           -477.15374              30.51331            -446.64043            2458.95914 
           -483.57611              36.91595            -446.66016            2974.92482 
           -478.12862              31.56297            -446.56564            2543.54753 
           -475.41593              28.72132            -446.69461            2314.54917 
           -476.48011              29.73809            -446.74202            2396.48696 
           -479.17589              32.56725            -446.60864            2624.47908 
           -478.87546              32.30025            -446.57521            2602.96257 
           -476.65963              29.99591            -446.66373            2417.26356 
           -481.02434              34.23901            -446.78533            2759.19999 
           -475.05687              28.52970            -446.52717            2299.10672 
           -474.50575              28.04171            -446.46404            2259.78129 
           -477.20530              30.81512            -446.39018            2483.28072 
           -479.86479              33.63492            -446.22987            2710.51828 
           -478.81046              32.79077            -446.01968            2642.49181 
           -473.22265              27.58605            -445.63660            2223.06143 
           -472.76211              27.55236            -445.20975            2220.34629 
           -475.41134              30.44531            -444.96602            2453.47953 
           -476.55361              31.99031            -444.56330            2577.98495 
           -476.00602              31.90931            -444.09670            2571.45807 
           -476.04978              32.17175            -443.87803            2592.60666 
           -473.44808              29.55776            -443.89032            2381.95467 
           -476.53365              32.60882            -443.92483            2627.82862 
           -482.57163              38.71585            -443.85578            3119.97266 
           -476.67883              33.06028            -443.61855            2664.21048 
           -475.27472              32.00031            -443.27442            2578.79073 
           -477.83566              34.95873            -442.87693            2817.19964 
           -475.66507              33.10667            -442.55840            2667.94857 
           -476.55603              34.17447            -442.38156            2753.99895 
           -478.99417              36.76418            -442.22998            2962.69473 
           -479.69292              37.61944            -442.07348            3031.61701 
           -477.53085              35.63219            -441.89866            2871.47127 
           -473.87447              32.04802            -441.82645            2582.63598 
           -475.65050              33.69574            -441.95476            2715.41955 
           -472.61855              30.69795            -441.92060            2473.83832 
           -478.30105              36.47676            -441.82429            2939.53241 
           -481.45198              39.96543            -441.48655            3220.67200 
           -476.57343              35.37040            -441.20303            2850.37462 
           -477.06803              35.87765            -441.19038            2891.25211 
           -475.09222              34.00349            -441.08873            2740.22044 
           -475.94233              34.84729            -441.09504            2808.21892 
           -473.11870              32.14152            -440.97718            2590.17049 
           -474.17002              33.35486            -440.81516            2687.94937 
           -477.57464              36.69875            -440.87589            2957.42185 
           -472.00454              31.24726            -440.75728            2518.10578 
           -475.64274              35.01356            -440.62918            2821.61832 
           -478.82933              38.38719            -440.44214            3093.48669 
           -474.50446              34.31743            -440.18703            2765.51927 
           -473.38982              33.25749            -440.13233            2680.10272 
           -477.90241              37.61319            -440.28922            3031.11282 
           -476.53497              36.16218            -440.37279            2914.18149 
           -478.30029              37.81144            -440.48885            3047.08978 
           -478.26543              37.60619            -440.65923            3030.54926 
           -474.11996              33.37140            -440.74856            2689.28211 
           -479.89003              39.01915            -440.87088            3144.41415 
           -471.88210              31.18133            -440.70077            2512.79228 
           -471.72120              30.86658            -440.85462            2487.42751 
           -472.86735              31.62225            -441.24510            2548.32480 
           -481.34468              39.63949            -441.70519            3194.40580 
           -481.77700              39.84925            -441.92775            3211.30944 
           -476.91807              34.94547            -441.97260            2816.13079 
           -474.25574              32.36161            -441.89413            2607.90686 
           -475.61190              33.68091            -441.93098            2714.22472 
           -478.08003              36.20885            -441.87117            2917.94267 
           -476.11805              34.35927            -441.75879            2768.89097 
           -478.68670              36.98644            -441.70026            2980.60566 
           -480.64816              38.93723            -441.71093            3137.81300 
           -476.28037              34.51036            -441.77001            2781.06724 
           -476.07983              34.16842            -441.91141            2753.51106 
           -480.97076              38.88123            -442.08954            3133.29966 
           -481.11153              38.95221            -442.15932            3139.01971 
           -483.06660              40.88613            -442.18047            3294.86747 
           -476.91709              34.78325            -442.13384            2803.05824 
           -473.44159              31.17496            -442.26663            2512.27887 
           -473.79696              31.64111            -442.15585            2549.84435 
           -475.25406              33.30129            -441.95277            2683.63281 
           -479.06932              37.20568            -441.86364            2998.27317 
           -475.75967              34.14323            -441.61644            2751.48132 
           -479.54868              38.10700            -441.44168            3070.90765 
           -482.73726              41.32742            -441.40984            3330.42937 
           -477.74507              36.29542            -441.44965            2924.91852 
           -471.33711              29.78951            -441.54760            2400.63031 
           -481.42383              39.68018            -441.74365            3197.68411 
           -481.99030              40.04666            -441.94364            3227.21797 
           -476.79718              34.22244            -442.57474            2757.86468 
           -482.47473              39.44723            -443.02750            3178.91196 
           -476.55251              33.59521            -442.95730            2707.31835 
           -475.55995              32.76245            -442.79751            2640.20897 
           -474.71249              32.11645            -442.59604            2588.15023 
           -476.87891              34.58747            -442.29144            2787.28119 
           -481.81234              39.52919            -442.28316            3185.51653 
           -477.75368              35.43002            -442.32366            2855.17895 
           -478.99967              36.58704            -442.41263            2948.41971 
           -476.96131              34.77312            -442.18818            2802.24204 
           -475.70416              33.82672            -441.87744            2725.97496 
           -479.38497              37.80088            -441.58409            3046.23800 
           -475.53865              34.69767            -440.84098            2796.16163 
           -481.02560              40.61891            -440.40669            3273.33324 
           -479.50624              39.24700            -440.25925            3162.77581 
           -479.33112              39.12089            -440.21022            3152.61348 
           -480.76360              40.51389            -440.24971            3264.87014 
           -479.81968              39.54231            -440.27737            3186.57398 
           -480.41444              40.05037            -440.36407            3227.51648 
           -480.62898              40.18912            -440.43986            3238.69795 
           -479.33184              38.65074            -440.68110            3114.72561 
           -480.90483              40.14836            -440.75648            3235.41314 
           -489.65703              48.97544            -440.68159            3946.75643 
           -484.92867              44.41162            -440.51705            3578.97477 
           -482.25974              41.98157            -440.27817            3383.14507 
           -488.95787              48.64516            -440.31272            3920.14000 
           -483.61428              43.27103            -440.34325            3487.05868 
           -488.60738              47.74482            -440.86256            3847.58540 
           -483.26799              41.83496            -441.43303            3371.33054 
           -484.93880              43.05677            -441.88203            3469.79168 
           -488.19257              46.07948            -442.11309            3713.38157 
           -492.92690              50.90201            -442.02489            4102.01170 
           -490.99432              49.23185            -441.76246            3967.41986 
           -492.89411              51.17333            -441.72078            4123.87676 
           -493.92913              52.41225            -441.51688            4223.71696 
           -492.78032              51.53535            -441.24497            4153.05045 
           -493.07531              51.96910            -441.10620            4188.00512 
           -490.36950              49.33940            -441.03009            3976.08692 
           -491.45887              50.18667            -441.27220            4044.36530 
           -487.41394              46.19221            -441.22173            3722.46564 
           -492.93888              51.55742            -441.38147            4154.82866 
           -485.50389              44.30526            -441.19863            3570.40296 
           -491.33109              50.15345            -441.17764            4041.68813 
           -488.37634              47.50921            -440.86713            3828.59798 
           -498.00900              57.35799            -440.65101            4622.27625 
