             -0.05266              -0.12887              -0.17729 
             -0.08401              -0.22466              -0.13570 
             -0.08508              -0.26087              -0.14172 
             -0.06791              -0.25443              -0.12395 
             -0.02162              -0.24730              -0.02603 
              0.04450              -0.24081               0.11616 
              0.09162              -0.23407               0.19406 
              0.10606              -0.24071               0.16606 
              0.08601              -0.26073               0.14517 
              0.02737              -0.27168               0.19728 
             -0.02953              -0.24295               0.21562 
             -0.06096              -0.17218               0.09045 
             -0.07757              -0.10475              -0.05805 
             -0.07378              -0.05186              -0.09110 
             -0.04737               0.00681              -0.03921 
             -0.00920               0.07378              -0.04161 
              0.02928               0.14209              -0.13865 
              0.05157               0.21456              -0.22600 
              0.05662               0.27852              -0.24591 
              0.05060               0.33342              -0.19325 
              0.02357               0.36765              -0.11524 
             -0.02424               0.33076              -0.10485 
             -0.06932               0.26044              -0.09539 
             -0.09639               0.20709               0.00238 
             -0.08805               0.16036               0.09907 
             -0.03667               0.14354               0.10745 
              0.03220               0.15784               0.05375 
              0.08996               0.15429               0.02851 
              0.11538               0.11785               0.11618 
              0.10187               0.02650               0.22009 
              0.05012              -0.11122               0.17019 
             -0.01680              -0.21991               0.02735 
             -0.05159              -0.27543              -0.04354 
             -0.05910              -0.30794              -0.02144 
             -0.05689              -0.32468              -0.00477 
             -0.03165              -0.31057              -0.06528 
              0.00965              -0.27904              -0.15435 
              0.03723              -0.26613              -0.18587 
              0.04928              -0.26316              -0.16934 
              0.05609              -0.22719              -0.16811 
              0.05288              -0.15698              -0.17889 
              0.02093              -0.08601              -0.16747 
             -0.03507              -0.02760              -0.10404 
             -0.09101              -0.00023               0.00247 
             -0.12463               0.00243               0.05857 
             -0.11985               0.01516               0.03851 
             -0.06604               0.06584               0.05646 
              0.00800               0.18163               0.17975 
              0.07976               0.33504               0.28619 
              0.10924               0.41130               0.22046 
              0.08066               0.40126               0.07381 
              0.03192               0.35436               0.01151 
             -0.01290               0.28360               0.04087 
             -0.05512               0.20579               0.01360 
             -0.06272               0.14040              -0.10979 
             -0.03858               0.09427              -0.20836 
             -0.00965               0.06994              -0.22086 
              0.01828               0.04415              -0.19073 
              0.04990               0.00148              -0.18202 
              0.06862              -0.05370              -0.21963 
              0.07061              -0.11563              -0.23418 
              0.06857              -0.18110              -0.14244 
              0.05006              -0.23867               0.02420 
              0.00539              -0.28320               0.14595 
             -0.04660              -0.29332               0.13979 
             -0.08169              -0.29879               0.09632 
             -0.09001              -0.33655               0.14224 
             -0.06641              -0.34502               0.22117 
             -0.00809              -0.29159               0.19399 
              0.05353              -0.19530               0.07800 
              0.08588              -0.07574               0.03625 
              0.07439               0.03193               0.06002 
              0.03016               0.09589              -0.00722 
             -0.02274               0.10818              -0.14816 
             -0.06866               0.09824              -0.25838 
             -0.09417               0.11064              -0.25824 
             -0.09432               0.15437              -0.13996 
             -0.07118               0.19579              -0.06098 
             -0.02899               0.23051              -0.11942 
              0.01885               0.27034              -0.18964 
              0.05488               0.31172              -0.16024 
              0.07768               0.35856              -0.01677 
              0.08171               0.35954               0.09274 
              0.05468               0.27954               0.04569 
              0.01090               0.19522               0.02046 
             -0.03449               0.11144               0.12713 
             -0.07369               0.02607               0.23361 
             -0.07493              -0.04141               0.17569 
             -0.03766              -0.10778               0.02796 
              0.01789              -0.17570              -0.00897 
              0.07426              -0.23983               0.07234 
              0.10923              -0.28106               0.09365 
              0.10517              -0.26713              -0.03650 
              0.06584              -0.23592              -0.16549 
              0.01079              -0.23372              -0.17029 
             -0.04328              -0.25876              -0.10389 
             -0.08331              -0.27796              -0.09496 
             -0.09437              -0.26352              -0.17864 
             -0.07666              -0.23613              -0.24909 
             -0.04437              -0.20739              -0.20465 
             -0.00032              -0.14592              -0.05979 
              0.05075              -0.04091               0.03421 
              0.07739               0.06284              -0.00544 
              0.06903               0.15017              -0.02718 
              0.03244               0.21362               0.08627 
             -0.02512               0.23300               0.23399 
             -0.07465               0.23694               0.24266 
             -0.09972               0.22330               0.10629 
             -0.10052               0.22856               0.05343 
             -0.06550               0.27775               0.11838 
             -0.00994               0.30808               0.14584 
              0.04224               0.26982               0.03928 
              0.07594               0.21233              -0.14648 
              0.09097               0.17194              -0.23953 
              0.09182               0.13176              -0.20522 
              0.06261               0.08420              -0.16725 
              0.01162               0.03235              -0.19082 
             -0.03259              -0.03400              -0.22138 
             -0.06619              -0.11379              -0.19475 
             -0.08149              -0.20196              -0.08546 
             -0.05617              -0.28041               0.02163 
              0.00551              -0.30337               0.01497 
              0.07049              -0.28804              -0.01717 
              0.12202              -0.27428               0.06047 
              0.13946              -0.26748               0.24110 
              0.09035              -0.24176               0.33237 
             -0.00128              -0.19223               0.19605 
             -0.07541              -0.15934               0.03142 
             -0.11559              -0.14311              -0.00074 
             -0.12402              -0.12456               0.04243 
             -0.09986              -0.07158               0.01730 
             -0.05065               0.01100              -0.10580 
             -0.00178               0.09287              -0.18481 
              0.03050               0.16856              -0.16291 
              0.05105               0.22155              -0.14430 
              0.06198               0.24242              -0.17280 
              0.04877               0.24427              -0.20942 
              0.00820               0.24531              -0.20501 
             -0.04024               0.27113              -0.09896 
             -0.08400               0.29498               0.02344 
             -0.10895               0.26899               0.01561 
             -0.09299               0.22506              -0.05802 
             -0.02878               0.18713              -0.06580 
              0.05487               0.13666               0.02178 
              0.12055               0.07993               0.09387 
              0.14839               0.03600               0.01522 
              0.12097              -0.00154              -0.10590 
              0.06483              -0.04386              -0.13871 
              0.00898              -0.09312              -0.13840 
             -0.03560              -0.14194              -0.19295 
             -0.05535              -0.17833              -0.32008 
             -0.04802              -0.20584              -0.43351 
             -0.03059              -0.25459              -0.42692 
             -0.01440              -0.36167              -0.22747 
              0.00985              -0.53693               0.17657 
              0.04900              -0.60563               0.40069 
              0.07446              -0.45832               0.18088 
              0.07264              -0.30912               0.03685 
              0.04300              -0.23324               0.28704 
             -0.04076              -0.23262               0.71420 
             -0.16965              -0.26040               0.90904 
             -0.23403              -0.23865               1.08166 
             -0.17036               0.00144               1.33376 
              0.01973               0.35398               1.06925 
              0.08839               0.48834               0.41746 
              0.06891               0.67202               0.24651 
              0.03674               1.08196               0.67873 
             -0.00607               1.24216               0.79425 
             -0.02887               0.86717               0.16200 
             -0.02503               0.69483              -0.12788 
             -0.02104               0.82584               0.06384 
             -0.01548               0.79595               0.04720 
             -0.00826               0.52893              -0.32814 
             -0.00375               0.40780              -0.50733 
              0.00017               0.55522              -0.31337 
              0.00903               0.91461               0.20481 
              0.01625               0.89573               0.17950 
              0.00740               0.51291              -0.31322 
             -0.00326               0.27697              -0.44099 
             -0.01387               0.16540               0.10736 
             -0.03626               0.07557               0.96237 
              0.02063               0.11233               0.43885 
              0.03190               0.15511              -0.39699 
              0.01485               0.21515              -0.60202 
             -0.01163               0.35446              -0.38601 
             -0.03187               0.51098               0.06813 
              0.00281               0.34102               0.39256 
              0.03059              -0.22443               0.17397 
              0.01589              -0.52806              -0.13426 
              0.00606              -0.55073              -0.30299 
              0.00995              -0.43001              -0.46885 
              0.01437              -0.25841              -0.65926 
              0.01115              -0.11883              -0.78633 
              0.00500              -0.02082              -0.77675 
             -0.00812               0.09043              -0.53329 
             -0.05045               0.22237              -0.02452 
             -0.09748               0.10893               0.25868 
             -0.05614              -0.18660              -0.08074 
              0.03300              -0.25307              -0.53787 
              0.07671              -0.21735              -0.72327 
              0.11843              -0.28161              -0.56264 
              0.20092              -0.47366               0.04846 
              0.22736              -0.40934               0.45926 
              0.08643              -0.06186              -0.00467 
             -0.04607               0.08984              -0.32117 
             -0.18177               0.05671               0.03951 
             -0.16563              -0.10638               0.61511 
             -0.06797              -0.23272               0.22126 
             -0.02883              -0.18654              -0.46251 
              0.00638              -0.08843              -0.71756 
              0.04830               0.07157              -0.53853 
              0.06395               0.42170               0.10238 
             -0.02266               0.73294               0.63783 
             -0.14930               0.60520               0.44358 
             -0.10401               0.38919               0.25157 
              0.05916               0.12950               0.26343 
              0.13802              -0.14415               0.24406 
              0.15033              -0.44910               0.24523 
              0.13539              -0.93806               0.58799 
              0.10261              -1.69373               1.43494 
              0.08706              -1.64083               1.34719 
              0.04700              -1.19269               0.73257 
             -0.00845              -0.88139               0.29449 
             -0.05154              -0.59335              -0.13828 
             -0.04522              -0.43322              -0.36341 
             -0.02639              -0.46484              -0.23045 
             -0.00827              -0.82331               0.47644 
              0.04746              -1.15267               0.99558 
              0.06919              -0.67933               0.03941 
              0.03584              -0.34349              -0.62544 
              0.01107              -0.24172              -0.80029 
             -0.01402              -0.32781              -0.66946 
             -0.05616              -0.84216               0.17794 
             -0.11515              -1.44435               1.31278 
             -0.09792              -1.12333               0.92382 
             -0.04491              -0.45946              -0.03990 
              0.00677              -0.27044              -0.02487 
             -0.01541              -0.11484               0.16128 
             -0.02030               0.09340              -0.04843 
              0.03517               0.17902              -0.18519 
              0.06698               0.15401              -0.04419 
              0.07080               0.02211               0.35978 
              0.05032              -0.28116               0.30894 
              0.00734              -0.30240              -0.39714 
             -0.00858              -0.21409              -0.78852 
             -0.01039              -0.20616              -0.83327 
             -0.01786              -0.27100              -0.71893 
             -0.02385              -0.38169              -0.44854 
              0.01204              -0.46671              -0.05679 
              0.02041              -0.35580               0.00326 
             -0.00771              -0.10155              -0.34572 
              0.01033              -0.00500              -0.50783 
              0.03091              -0.04354              -0.15482 
              0.01363              -0.24906               0.56829 
              0.04081              -0.48099               0.44574 
              0.00519              -0.35905              -0.26700 
             -0.06813              -0.25739              -0.56954 
             -0.13670              -0.25135              -0.44966 
             -0.21784              -0.22562              -0.09411 
             -0.24155              -0.05191               0.12478 
             -0.10046               0.11875              -0.12546 
              0.06687               0.16316              -0.30872 
              0.23277               0.17717              -0.13766 
              0.31946               0.14266               0.01099 
              0.25570               0.10618              -0.12313 
              0.13824               0.07286              -0.34769 
              0.02712               0.07448              -0.48061 
             -0.08966               0.14641              -0.23000 
             -0.18536               0.26915               0.26652 
             -0.12695               0.29117               0.16743 
             -0.02576               0.23226              -0.34868 
              0.00383               0.13406              -0.69145 
              0.01336               0.07482              -0.80440 
              0.04156               0.06684              -0.75225 
              0.04327               0.10963              -0.45900 
             -0.08248               0.14408              -0.01875 
             -0.25008               0.11494               0.05454 
             -0.28788               0.13734              -0.16850 
             -0.32007               0.19650              -0.18217 
             -0.32057               0.23918              -0.12498 
             -0.27135               0.32893              -0.08337 
             -0.17282               0.43028              -0.10913 
             -0.06273               0.43652              -0.16891 
              0.04450               0.56631               0.04609 
              0.13435               0.73024               0.31811 
              0.18046               0.82953               0.44614 
              0.20477               0.80210               0.38340 
              0.27123               0.74183               0.32993 
              0.40160               0.66936               0.56685 
              0.41520               0.14949               0.86490 
              0.14022              -0.40949               0.84526 
             -0.10641              -0.55232               0.29681 
             -0.13076              -0.40136               0.05120 
             -0.05939              -0.14324               0.47153 
             -0.10252               0.26730               0.93891 
             -0.03063               0.41148               0.80487 
              0.03141               0.11281               0.13105 
             -0.04909              -0.10600               0.27403 
             -0.31235              -0.23432               0.76864 
             -0.38827              -0.29879               0.80355 
             -0.32741              -0.03155               0.51865 
             -0.27555               0.12284               0.60044 
             -0.18380              -0.10960               0.79918 
             -0.13975              -0.06251               0.29905 
             -0.09099              -0.01136              -0.09663 
             -0.01677               0.11454              -0.14145 
              0.04074               0.29532              -0.03835 
              0.09832               0.48368               0.17439 
              0.16577               0.34860              -0.12987 
              0.18132               0.19837              -0.42549 
              0.23618               0.07658              -0.33129 
              0.29270              -0.13468              -0.03194 
              0.23605              -0.35732               0.02507 
              0.13560              -0.38467              -0.25594 
              0.08364              -0.26419              -0.57841 
              0.08487              -0.22609              -0.65251 
              0.10559              -0.26279              -0.54270 
              0.16665              -0.27506              -0.43211 
              0.28081              -0.26192              -0.30699 
              0.30818              -0.32829              -0.15688 
              0.24436              -0.38615              -0.10467 
              0.15980              -0.37381              -0.10511 
              0.00809              -0.42559              -0.18226 
             -0.17431              -0.39447              -0.24651 
             -0.32717              -0.32130              -0.20608 
             -0.33939              -0.28422              -0.20731 
             -0.32565              -0.26732              -0.19661 
             -0.26487              -0.18334              -0.32315 
             -0.14747              -0.14599              -0.37208 
             -0.01186              -0.10306              -0.36532 
              0.06866              -0.00715              -0.45565 
              0.08505               0.03375              -0.55292 
              0.05166              -0.01131              -0.54451 
             -0.02732              -0.03433              -0.43072 
             -0.09195              -0.04236              -0.30173 
             -0.17964              -0.09596              -0.21291 
             -0.34258              -0.11408              -0.07354 
             -0.40418              -0.09283              -0.11717 
             -0.39140              -0.06614              -0.20418 
             -0.45566              -0.17663               0.06467 
             -0.31210              -0.33155               0.43708 
             -0.10575              -0.34342               0.34926 
             -0.03644              -0.37816               0.06755 
              0.00590              -0.65891               0.31792 
              0.00181              -0.86203               0.69986 
             -0.19045              -0.68241               0.70523 
             -0.36014              -0.49016               0.37099 
             -0.39903              -0.28557               0.33161 
             -0.32120              -0.23392               0.53180 
             -0.00991              -0.31946               0.25131 
              0.16121              -0.37881               0.00086 
              0.24983              -0.52864               0.18624 
              0.27171              -1.03781               0.77684 
              0.19563              -1.07447               0.67901 
              0.09189              -0.79386               0.12314 
             -0.02952              -0.72355               0.01151 
             -0.02742              -0.83807               0.37399 
              0.02076              -1.17445               0.89018 
             -0.10326              -0.78158               0.12489 
             -0.14391              -0.70234               0.06787 
             -0.14340              -0.95801               0.64387 
             -0.15824              -0.71283               0.41408 
             -0.17966              -0.40103              -0.19402 
             -0.16567              -0.22289              -0.54019 
             -0.16623              -0.22663              -0.40097 
             -0.25422              -0.29578               0.12259 
             -0.23275              -0.20503               0.10390 
             -0.17453              -0.08485              -0.13583 
             -0.11004               0.00161              -0.20778 
             -0.00400               0.14143              -0.24117 
              0.15972               0.23890               0.03814 
              0.31518               0.10412               0.03259 
              0.26354              -0.00667              -0.33226 
              0.23398              -0.04344              -0.40932 
              0.19062              -0.12290              -0.27279 
              0.15021              -0.19321              -0.03004 
             -0.02055              -0.19374               0.12302 
             -0.09700              -0.13798              -0.19536 
             -0.01980              -0.05863              -0.53711 
              0.05706               0.01545              -0.52431 
              0.10759               0.07600              -0.34375 
              0.17565               0.10072              -0.25498 
              0.22136               0.08185              -0.36072 
              0.14822               0.06006              -0.50796 
              0.07042               0.00966              -0.61455 
             -0.00607              -0.02299              -0.47318 
             -0.15501              -0.06415              -0.14884 
             -0.30060              -0.00210              -0.07101 
             -0.30684               0.01092              -0.26244 
             -0.14414               0.04848              -0.48837 
             -0.00984               0.09844              -0.62095 
              0.04267               0.12146              -0.45698 
              0.16549               0.23275               0.14006 
              0.31498               0.26460               0.25481 
              0.18489               0.19438              -0.03359 
              0.00725               0.07441              -0.18785 
             -0.16947              -0.00472              -0.19612 
             -0.36483               0.00283               0.00820 
             -0.34493              -0.06606               0.00036 
             -0.17878              -0.13566              -0.36555 
             -0.06878              -0.13624              -0.50111 
              0.08099              -0.17897              -0.35221 
              0.17968              -0.17882              -0.07004 
              0.24307              -0.04151               0.19226 
              0.29701               0.01271               0.17552 
              0.21252               0.06621              -0.30811 
              0.06136               0.12827              -0.62965 
              0.06390               0.12920              -0.45858 
              0.44690              -0.04318               0.45779 
              0.60101              -0.37965               1.39028 
              0.11076              -0.46757               0.79202 
             -0.13625              -0.40635               0.27127 
             -0.39940              -0.62020               0.80432 
             -0.36287              -0.71733               0.94027 
             -0.02263              -0.35068              -0.23126 
              0.07980              -0.29090              -0.35731 
              0.04174              -0.72033               0.70302 
             -0.63065              -1.18744               2.03072 
             -0.33057              -0.41690               0.23897 
             -0.17815              -0.12110              -0.21714 
             -0.00258              -0.14099               0.19267 
              0.23125              -0.23720               0.74574 
              0.39229              -0.13558               0.63544 
              0.36900              -0.47234               0.57601 
              0.10389              -0.95425               1.02702 
             -0.08686              -1.15431               1.12673 
             -0.21106              -0.92226               0.53001 
             -0.19679              -0.69498               0.11819 
              0.03454              -0.52231              -0.11389 
              0.35756              -0.71821               0.42897 
              0.11528              -0.47844              -0.12045 
              0.13110              -0.51933              -0.02629 
              0.18979              -0.39440              -0.04626 
              0.12432              -0.37126              -0.09263 
              0.04760              -0.29547              -0.20360 
              0.05790              -0.28105              -0.32007 
              0.08439              -0.06932              -0.49890 
              0.00826               0.05133              -0.43508 
             -0.01571              -0.07085              -0.59423 
             -0.07705              -0.16963              -0.55913 
             -0.17368              -0.17425              -0.23568 
             -0.31437              -0.22139               0.17292 
             -0.49208              -0.23491               0.53952 
             -0.17101              -0.15846              -0.19170 
             -0.04935              -0.24912              -0.50403 
             -0.01496              -0.30003              -0.49856 
              0.04054              -0.33720              -0.47014 
              0.12512              -0.37369              -0.36364 
              0.20197              -0.43025              -0.16969 
              0.21027              -0.35951              -0.26908 
              0.19831              -0.34927              -0.23781 
              0.25479              -0.32598              -0.13675 
              0.24737              -0.16359              -0.32550 
              0.16528              -0.02728              -0.49482 
              0.07049               0.03572              -0.44470 
             -0.03616               0.08197              -0.17167 
             -0.15940               0.19275               0.09632 
             -0.23634               0.24740               0.05401 
             -0.29634               0.26226               0.19607 
             -0.24992               0.23572               0.31336 
             -0.11494               0.17155              -0.06266 
              0.00124               0.06721              -0.40827 
              0.09623              -0.01748              -0.48552 
              0.16959              -0.09696              -0.36885 
              0.25481              -0.20499              -0.15915 
              0.33106              -0.33108               0.02662 
              0.18550              -0.28218              -0.26634 
              0.06246              -0.17828              -0.54729 
              0.01661              -0.10831              -0.58295 
             -0.08758              -0.22088              -0.34055 
             -0.13808              -0.24441              -0.23993 
             -0.03295              -0.09200              -0.45679 
              0.03128              -0.10108              -0.32797 
             -0.04059              -0.13911               0.19264 
             -0.16874              -0.11302               0.49548 
             -0.09319              -0.04572               0.29509 
             -0.12378               0.00203              -0.18087 
             -0.18530               0.08214              -0.32516 
             -0.21234               0.23041               0.07968 
             -0.11568               0.35198               0.42503 
              0.06937               0.34423               0.32614 
              0.26086               0.40869               0.34362 
              0.02965               0.15765              -0.15427 
              0.04827               0.00035              -0.30236 
              0.03072              -0.04721              -0.37729 
              0.02233               0.03414              -0.33630 
              0.06338               0.07497              -0.24918 
              0.10624               0.07811              -0.19477 
              0.27850               0.20621               0.44961 
              0.41074               0.29977               0.39515 
              0.30052               0.28411              -0.16652 
              0.21239               0.19600              -0.49418 
              0.01960               0.26508              -0.30129 
             -0.16086               0.57589               0.33157 
             -0.77748               0.82553               1.46539 
             -0.51057               0.07056               0.66665 
             -0.27574              -0.09604               0.20096 
              0.15816              -0.23371               0.46986 
              0.61838              -0.28484               1.39604 
              0.23601              -0.23251               0.94825 
              0.19017              -0.34964               0.41484 
             -0.04819              -0.65906               0.66133 
             -0.40205              -0.52853               0.54411 
             -0.06412              -0.43697              -0.04120 
             -0.09055              -0.21036              -0.36033 
             -0.20944              -0.11611              -0.24547 
             -0.16867              -0.16921               0.06217 
             -0.07269              -0.16811               0.38079 
             -0.03851              -0.03919               0.31876 
              0.05646              -0.07203              -0.25798 
              0.02447              -0.11528              -0.32947 
             -0.05888              -0.03080               0.14014 
             -0.38551              -0.06774               0.93884 
             -0.49140               0.07563               0.92559 
             -0.13717               0.10258               0.08155 
             -0.04277               0.01012              -0.43164 
              0.32287              -0.08783              -0.17152 
              0.65444              -0.05635               0.38016 
              0.57635              -0.13958               0.38030 
              0.19475              -0.18307              -0.14505 
             -0.01304              -0.21281              -0.15593 
             -0.13518              -0.21765              -0.08508 
             -0.14847              -0.30381               0.01469 
             -0.20320              -0.13407              -0.31962 
             -0.13602              -0.06806              -0.56568 
             -0.04738              -0.03680              -0.71620 
             -0.01886               0.01490              -0.56473 
              0.02217              -0.04278              -0.28028 
              0.02899              -0.12081              -0.31831 
              0.06641              -0.20019              -0.23542 
              0.03363              -0.29268              -0.13478 
             -0.03965              -0.25488              -0.33346 
             -0.04172              -0.13596              -0.61618 
             -0.05160              -0.10762              -0.66919 
             -0.20695              -0.16172              -0.20627 
             -0.51302              -0.11540               0.66564 
             -0.19914              -0.19961               0.39702 
              0.12500              -0.23012               0.19103 
              0.28086              -0.30989               0.27230 
              0.19348              -0.21519              -0.15109 
              0.14325              -0.23542              -0.46262 
              0.14825              -0.39943              -0.17303 
              0.19555              -0.17048              -0.43658 
              0.23736              -0.15597              -0.51088 
              0.29589              -0.18850              -0.43668 
              0.31456              -0.28613              -0.25694 
              0.25520              -0.40003              -0.04201 
             -0.01852              -0.35564              -0.10912 
             -0.15318              -0.27604              -0.09900 
             -0.18776              -0.23686              -0.25446 
             -0.23943              -0.12914              -0.44367 
             -0.39592              -0.11624              -0.27422 
             -0.50596              -0.05382               0.14191 
             -0.33574              -0.03750               0.38782 
             -0.23903              -0.06898               0.54668 
             -0.24645               0.03334               0.12531 
             -0.03116               0.07767               0.16177 
              0.08918              -0.31499               0.32544 
             -0.01269              -0.38692               0.08435 
             -0.05458              -0.40489               0.08390 
             -0.09710              -0.43256               0.03529 
             -0.04627              -0.45701              -0.12466 
             -0.06488              -0.49056              -0.00132 
             -0.22233              -0.48871               0.34456 
             -0.35840              -0.59569               0.45112 
             -0.17488              -0.38393               0.01312 
             -0.19834              -0.10959              -0.01652 
             -0.27961               0.23444               0.34869 
             -0.19918               0.39424               0.21661 
             -0.06715               0.38306              -0.05726 
             -0.10157               0.40407               0.17181 
             -0.38913               0.28287               0.68782 
             -0.36384               0.04869               0.31869 
             -0.26925              -0.03443              -0.25554 
             -0.20349               0.03208              -0.26084 
             -0.05609               0.21480              -0.14579 
             -0.03312               0.36711               0.15683 
              0.01708               0.39391               0.22442 
              0.10537               0.41495              -0.02645 
              0.22649               0.36104               0.07513 
              0.45572               0.23876               0.25360 
              0.47370               0.00393               0.17049 
              0.40915              -0.13019              -0.06481 
              0.23122              -0.10912              -0.51497 
              0.23213              -0.12314              -0.49704 
              0.42676              -0.05983              -0.30502 
              0.36557              -0.06228              -0.49277 
              0.17711              -0.08933              -0.72183 
              0.17501              -0.02114              -0.38866 
             -0.05521              -0.01257               0.13703 
             -0.43882              -0.39001               0.26798 
             -0.44579              -0.57736               0.32042 
             -0.35322              -0.29456              -0.07023 
             -0.27066              -0.30057              -0.17822 
             -0.17941              -0.53962               0.00476 
             -0.03165              -0.67154               0.07508 
              0.16210              -0.63312               0.11103 
              0.24549              -0.53001               0.46893 
             -0.09907              -0.03963               0.47826 
             -0.30822               0.20154               0.19425 
