             -0.04000              -0.12462              -0.19168 
             -0.06471              -0.21881              -0.15550 
             -0.06644              -0.26080              -0.15035 
             -0.05238              -0.26362              -0.12243 
             -0.01645              -0.26062              -0.02462 
              0.03441              -0.25787               0.11281 
              0.07162              -0.25357               0.19423 
              0.08309              -0.25673               0.18456 
              0.06563              -0.26772               0.17035 
              0.01961              -0.27126               0.20280 
             -0.02542              -0.24075               0.19860 
             -0.05222              -0.17618               0.08997 
             -0.06412              -0.11049              -0.03448 
             -0.05766              -0.05242              -0.07372 
             -0.03375               0.01227              -0.04994 
             -0.00200               0.08550              -0.06493 
              0.02781               0.16006              -0.14723 
              0.04397               0.23102              -0.22335 
              0.04664               0.29008              -0.24431 
              0.03911               0.33889              -0.20192 
              0.01571               0.36554              -0.13500 
             -0.02146               0.33563              -0.10950 
             -0.05667               0.27670              -0.08076 
             -0.07623               0.22329               0.00478 
             -0.06615               0.17582               0.08529 
             -0.02397               0.15540               0.10040 
              0.03151               0.15862               0.06419 
              0.07488               0.14878               0.05322 
              0.09038               0.10455               0.12883 
              0.07384               0.00657               0.20834 
              0.02871              -0.12617               0.16543 
             -0.02117              -0.23045               0.04556 
             -0.04523              -0.28862              -0.02171 
             -0.04893              -0.32215              -0.01792 
             -0.04270              -0.33671              -0.01966 
             -0.02024              -0.32326              -0.08063 
              0.00981              -0.29422              -0.16116 
              0.03033              -0.27740              -0.19283 
              0.04019              -0.26364              -0.18290 
              0.04505              -0.22296              -0.17707 
              0.04023              -0.15499              -0.17914 
              0.01296              -0.08442              -0.16585 
             -0.03073              -0.02762              -0.10917 
             -0.07246               0.00258              -0.01406 
             -0.09681               0.01485               0.04765 
             -0.08860               0.03715               0.05857 
             -0.04295               0.09754               0.10000 
              0.01886               0.21595               0.20649 
              0.07156               0.35372               0.27886 
              0.08700               0.41675               0.20959 
              0.05851               0.40240               0.08332 
              0.01775               0.35355               0.03168 
             -0.01966               0.28284               0.04083 
             -0.04957               0.20576              -0.00533 
             -0.05039               0.14002              -0.12108 
             -0.02865               0.09281              -0.21245 
             -0.00554               0.06210              -0.23385 
              0.01699               0.02820              -0.21634 
              0.04146              -0.01834              -0.20995 
              0.05452              -0.07425              -0.22913 
              0.05553              -0.13640              -0.21628 
              0.05177              -0.20052              -0.11592 
              0.03241              -0.25715               0.03596 
             -0.00653              -0.30008               0.14056 
             -0.04693              -0.31133               0.13670 
             -0.06996              -0.32052               0.11375 
             -0.07039              -0.34661               0.16416 
             -0.04196              -0.34096               0.22885 
              0.00978              -0.27822               0.19768 
              0.05569              -0.17403               0.09434 
              0.07128              -0.05772               0.04572 
              0.05286               0.04269               0.03003 
              0.01322               0.10200              -0.04755 
             -0.02867               0.11713              -0.16573 
             -0.06024               0.11848              -0.24806 
             -0.07322               0.14112              -0.23315 
             -0.06640               0.18499              -0.14001 
             -0.04333               0.22549              -0.09508 
             -0.00959               0.25841              -0.14269 
              0.02337               0.29124              -0.18473 
              0.04751               0.32781              -0.14081 
              0.06247               0.36686              -0.00726 
              0.06031               0.35354               0.08155 
              0.03415               0.27222               0.05432 
             -0.00347               0.18266               0.05504 
             -0.04183               0.08867               0.14510 
             -0.06675              -0.00233               0.21494 
             -0.05861              -0.07493               0.15770 
             -0.02221              -0.14101               0.04661 
              0.02635              -0.20455               0.02562 
              0.06958              -0.26222               0.07749 
              0.08941              -0.29253               0.06220 
              0.07628              -0.27794              -0.05938 
              0.03890              -0.25508              -0.15918 
             -0.00486              -0.25600              -0.15953 
             -0.04466              -0.27473              -0.11636 
             -0.06946              -0.28146              -0.12923 
             -0.06992              -0.26081              -0.20610 
             -0.05158              -0.23029              -0.25244 
             -0.02340              -0.19304              -0.19243 
              0.01522              -0.12166              -0.05500 
              0.05177              -0.01193               0.02771 
              0.06421               0.09694               0.00752 
              0.04980               0.18183               0.00973 
              0.01323               0.23791               0.11290 
             -0.03453               0.26168               0.23426 
             -0.07048               0.26184               0.22956 
             -0.08504               0.24582               0.12477 
             -0.07440               0.25613               0.09521 
             -0.03736               0.29446               0.13905 
              0.00965               0.30211               0.12115 
              0.04788               0.25744              -0.01815 
              0.06709               0.20439              -0.18361 
              0.07151               0.16082              -0.24577 
              0.06151               0.11643              -0.21015 
              0.03034               0.06423              -0.18175 
             -0.00889               0.00276              -0.19979 
             -0.03947              -0.07084              -0.21854 
             -0.05848              -0.15309              -0.18171 
             -0.05579              -0.24070              -0.07890 
             -0.02299              -0.30890               0.00816 
              0.02723              -0.32579               0.01259 
              0.07339              -0.31391               0.02487 
              0.10132              -0.29905               0.13461 
              0.09345              -0.28035               0.28768 
              0.03994              -0.23413               0.29707 
             -0.02732              -0.17897               0.14593 
             -0.07344              -0.14838               0.02539 
             -0.09277              -0.13336               0.01772 
             -0.08796              -0.10496               0.04210 
             -0.05855              -0.04086              -0.01597 
             -0.01763               0.04334              -0.13001 
              0.01567               0.12754              -0.17981 
              0.03686               0.20438              -0.16766 
              0.04709               0.25853              -0.16716 
              0.04396               0.28277              -0.18969 
              0.02233               0.28567              -0.20649 
             -0.01477               0.29094              -0.16473 
             -0.05426               0.31035              -0.04947 
             -0.08122               0.30368               0.02785 
             -0.08295               0.25962               0.00465 
             -0.04985               0.21061              -0.03034 
              0.01424               0.15975               0.01068 
              0.07796               0.10028               0.11306 
              0.11438               0.04319               0.13620 
              0.10773               0.00049               0.04136 
              0.06427              -0.03741              -0.02792 
              0.01297              -0.08793              -0.01526 
             -0.03092              -0.15197              -0.00194 
             -0.05451              -0.21358              -0.07718 
             -0.04757              -0.25412              -0.21787 
             -0.02638              -0.27802              -0.32008 
             -0.00914              -0.29204              -0.35979 
              0.00238              -0.28561              -0.38738 
              0.01233              -0.25175              -0.44038 
              0.02096              -0.21440              -0.48652 
              0.03138              -0.22976              -0.37618 
              0.04303              -0.35459               0.12837 
              0.02223              -0.52264               0.81667 
             -0.03181              -0.37405               0.66034 
             -0.06872              -0.10764               0.11667 
             -0.08745               0.07637               0.06313 
             -0.08808               0.25437               0.47639 
             -0.04138               0.42076               0.92595 
              0.05826               0.56612               1.15915 
              0.09893               0.91075               1.36744 
              0.05014               0.90905               0.81833 
              0.00486               0.60518              -0.04777 
             -0.01367               0.51467              -0.34759 
             -0.02375               0.71796              -0.08104 
             -0.02780               1.16712               0.56145 
             -0.02620               1.22435               0.60332 
             -0.01834               0.88171               0.07402 
             -0.01109               0.72948              -0.14307 
             -0.00833               0.64632              -0.23849 
             -0.01061               0.57411              -0.25448 
             -0.01761               0.57656               0.00674 
             -0.00943               0.62505               0.60574 
              0.03238               0.50247               0.96956 
              0.04341               0.27821               0.58581 
              0.03581               0.26328               0.08708 
              0.02262               0.39129              -0.12165 
             -0.00508               0.55145              -0.10326 
             -0.02973               0.65844               0.01501 
             -0.03902               0.52859               0.11594 
             -0.03634               0.00661               0.10776 
             -0.01830              -0.48641               0.03088 
              0.00710              -0.59947              -0.09608 
              0.02355              -0.49554              -0.22252 
              0.03180              -0.27992              -0.32044 
              0.03172              -0.00387              -0.29005 
              0.02458               0.27307              -0.17749 
              0.01135               0.41239              -0.17017 
             -0.00069               0.34829              -0.22776 
             -0.00670               0.05073              -0.21611 
             -0.00300              -0.36626              -0.18322 
              0.00325              -0.52397              -0.32608 
              0.00412              -0.39884              -0.59447 
              0.00265              -0.28587              -0.74119 
              0.00316              -0.28776              -0.74995 
              0.00721              -0.36287              -0.62517 
              0.01138              -0.36060              -0.35673 
             -0.00232              -0.03452              -0.03823 
             -0.03273               0.47106               0.11767 
             -0.03788               0.61889              -0.09219 
             -0.02924               0.48815              -0.40225 
             -0.02303               0.39570              -0.51283 
             -0.01542               0.35710              -0.43126 
             -0.00140               0.28925              -0.15646 
              0.02079               0.08325               0.25138 
              0.03226              -0.20549               0.44294 
              0.01780              -0.34648               0.18997 
             -0.00378              -0.30036              -0.11465 
             -0.00130              -0.22370              -0.04015 
              0.04538              -0.11827               0.25607 
              0.07333              -0.02121               0.27230 
              0.06875              -0.06574               0.12356 
              0.04145              -0.29180               0.22786 
             -0.02256              -0.66206               0.43906 
             -0.06918              -0.82848               0.28142 
             -0.07108              -0.91870               0.24063 
             -0.03962              -1.41919               1.08200 
              0.06043              -1.25166               1.10252 
              0.11832              -0.42812              -0.01286 
              0.10508              -0.08802              -0.55982 
              0.12441              -0.05364              -0.49029 
              0.21541              -0.54406               0.63149 
              0.11367              -1.59508               1.84190 
             -0.02260              -0.78131               0.13013 
             -0.03809              -0.34304              -0.67559 
             -0.06495              -0.39036              -0.50699 
             -0.13190              -0.73350               0.27676 
             -0.14497              -0.86198               0.63170 
             -0.09475              -0.61834               0.30812 
             -0.03769              -0.64737               0.71746 
              0.08150              -0.68825               1.34152 
              0.09863              -0.31592               0.49882 
              0.04626              -0.18245              -0.31586 
              0.02682              -0.22801              -0.41502 
              0.02254              -0.44249               0.11474 
              0.00168              -0.62631               0.60377 
             -0.00020              -0.37495              -0.02515 
              0.01991              -0.22811              -0.58575 
              0.03453              -0.29798              -0.61244 
              0.04369              -0.46480              -0.42293 
              0.04120              -0.58668              -0.27841 
              0.03161              -0.51856              -0.39416 
              0.02271              -0.38072              -0.59644 
              0.01741              -0.33811              -0.66006 
              0.01327              -0.43513              -0.53447 
              0.00042              -0.68555              -0.16426 
             -0.02676              -0.94929               0.25238 
             -0.05132              -0.80130               0.08431 
             -0.06075              -0.56549              -0.15055 
             -0.06598              -0.44111              -0.14556 
             -0.05418              -0.30248              -0.15458 
             -0.03595              -0.15873              -0.28894 
             -0.03510              -0.07340              -0.41790 
             -0.06452              -0.06867              -0.32020 
             -0.15358              -0.18300               0.07553 
             -0.25988              -0.33404               0.37991 
             -0.22112              -0.22747               0.08995 
             -0.10554              -0.03371              -0.37463 
             -0.03019               0.08772              -0.53853 
              0.03650               0.21726              -0.39507 
              0.11832               0.37290              -0.10195 
              0.14284               0.40891               0.01828 
              0.05716               0.29093              -0.11171 
             -0.09393               0.16394              -0.19371 
             -0.29414               0.19188               0.05663 
             -0.40092               0.38992               0.31105 
             -0.23216               0.48360              -0.01497 
             -0.07578               0.42636              -0.43524 
             -0.01432               0.41247              -0.54799 
              0.01365               0.49875              -0.40466 
              0.03151               0.61583              -0.17896 
              0.03361               0.58318              -0.19126 
              0.01937               0.39622              -0.44761 
             -0.00198               0.23687              -0.64233 
             -0.02199               0.17687              -0.61485 
             -0.02476               0.24044              -0.33195 
              0.00951               0.37289              -0.04577 
              0.05420               0.38924              -0.13835 
              0.08871               0.32072              -0.35031 
              0.12276               0.27354              -0.38583 
              0.17137               0.25486              -0.27628 
              0.29071               0.31368               0.06833 
              0.39440               0.54765               0.81468 
              0.03562               0.53735               0.95713 
             -0.52208               0.17769               0.71798 
             -0.54456              -0.07979               0.09022 
             -0.46077              -0.13577              -0.05994 
             -0.33972              -0.08913               0.53939 
              0.29609               0.05059               0.98500 
              0.67684               0.12984               1.44398 
              0.31462               0.02455               0.81106 
             -0.21910              -0.27045               0.58327 
             -0.46649              -0.17187               0.11774 
             -0.35967              -0.02342              -0.33966 
             -0.27797               0.04943              -0.30377 
             -0.20391               0.14941               0.49610 
              0.06603               0.09723               1.81174 
              0.14206              -0.03495               0.98519 
              0.02974              -0.02893              -0.16374 
              0.04345               0.09735              -0.36755 
              0.30270               0.34152               0.29218 
              0.72458               0.41089               1.01367 
              0.51961               0.14290               0.47245 
              0.39965              -0.04041               0.19345 
              0.17113              -0.24789               0.29247 
             -0.04799              -0.46765               0.60114 
             -0.15418              -0.32269               0.13324 
             -0.13205              -0.20461              -0.44429 
             -0.11575              -0.22190              -0.54891 
             -0.14354              -0.26468              -0.37906 
             -0.11466              -0.32461              -0.16535 
             -0.03027              -0.36568              -0.19146 
             -0.04083              -0.28309              -0.53330 
             -0.06145              -0.20813              -0.72838 
             -0.07184              -0.26107              -0.66519 
             -0.06316              -0.45756              -0.36764 
             -0.04599              -0.54798              -0.19284 
             -0.03015              -0.39823              -0.38881 
              0.01733              -0.23780              -0.64417 
              0.08335              -0.14152              -0.74094 
              0.15282              -0.09401              -0.65339 
              0.23407              -0.08309              -0.37382 
              0.36838              -0.14708               0.14237 
              0.38349              -0.21911               0.48999 
              0.12498              -0.12897               0.09178 
             -0.06414              -0.10966              -0.27133 
             -0.11747              -0.12099              -0.39477 
             -0.13622              -0.15607              -0.38548 
             -0.20508              -0.19114              -0.23575 
             -0.25785              -0.18646              -0.12223 
             -0.12859              -0.15476              -0.22506 
              0.01761              -0.06997              -0.36396 
              0.10208               0.00462              -0.32950 
              0.17720              -0.05936              -0.07410 
              0.25687              -0.14516               0.09417 
              0.16656              -0.13201              -0.22013 
              0.01619              -0.16920              -0.43425 
             -0.06982              -0.21084              -0.33237 
             -0.07144              -0.25589               0.01301 
              0.09199              -0.25699               0.52310 
              0.15829              -0.14165               0.31837 
              0.14957              -0.23048               0.06068 
              0.21210              -0.70960               0.77410 
              0.23338              -1.12911               1.12076 
              0.10739              -0.73246               0.19340 
              0.07034              -0.47378              -0.19361 
              0.09816              -0.47869              -0.00373 
              0.10303              -0.56679               0.46555 
              0.18960              -0.60416               0.95804 
              0.15137              -0.52353               0.66566 
              0.09404              -0.39187               0.11099 
              0.09077              -0.40293              -0.06612 
              0.00414              -0.36668              -0.05196 
             -0.21603              -0.46172               0.27527 
             -0.09167              -0.78597               0.47066 
             -0.00800              -0.92852               0.49091 
             -0.03925              -0.86766               0.45409 
              0.00955              -0.68947               0.27418 
              0.03008              -0.57242               0.16070 
              0.07567              -0.47667               0.18841 
              0.11078              -0.24131              -0.13838 
              0.20262              -0.35414              -0.11518 
              0.42179              -0.35626               0.15479 
              0.46917              -0.23853               0.22468 
              0.35961              -0.11865               0.06496 
              0.21522              -0.04853              -0.35003 
              0.13198              -0.00942              -0.64567 
              0.10750               0.11623              -0.39961 
              0.05842               0.18323               0.10653 
             -0.05592               0.13600              -0.08405 
             -0.07473               0.12416              -0.38884 
             -0.04787               0.09326              -0.51117 
              0.02970               0.08854              -0.46735 
              0.14057               0.15882              -0.29704 
              0.20896               0.30981              -0.17616 
              0.18244               0.34979              -0.29093 
              0.10179               0.32561              -0.49639 
              0.04441               0.25472              -0.66698 
             -0.00035               0.20570              -0.70090 
             -0.06912               0.30059              -0.50474 
             -0.16079               0.41738              -0.23292 
             -0.30115               0.44337               0.03770 
             -0.31020               0.26327              -0.12194 
             -0.08698               0.07431              -0.53254 
              0.00163              -0.02552              -0.61977 
              0.07170              -0.11662              -0.40005 
              0.23095              -0.28560              -0.18916 
              0.32065              -0.37699              -0.11679 
              0.22129              -0.49500              -0.11164 
              0.10547              -0.31270              -0.39446 
              0.05564              -0.21825              -0.40141 
              0.04902              -0.23125              -0.09436 
              0.07523              -0.07129              -0.03308 
              0.08110               0.06890              -0.28245 
              0.11540               0.12039              -0.28041 
              0.11187               0.17721               0.02142 
             -0.06807               0.16357               0.33025 
             -0.17621              -0.02306               0.22309 
             -0.20088              -0.16105               0.03175 
             -0.39142              -0.25569               0.18294 
             -0.56468              -0.48957               0.57864 
             -0.39343              -0.43596               0.52200 
             -0.16990              -0.32248               0.16100 
             -0.18653              -0.41505               0.47380 
             -0.10203               0.00151               0.62392 
              0.07276              -0.01078               0.68596 
              0.33709               0.00890               0.78944 
              0.86743              -0.06933               1.39383 
              0.48276              -0.05774               0.93177 
              0.15713              -0.10030               0.65460 
             -0.08131              -0.30697               0.58967 
             -0.10608              -0.70603               0.85630 
             -0.05762              -0.97453               0.99686 
              0.07351              -0.81167               0.45170 
              0.11780              -1.00784               0.58720 
              0.05987              -1.08399               0.54469 
              0.01294              -0.89436               0.21691 
             -0.04122              -0.55489              -0.25274 
             -0.12555              -0.54195              -0.17272 
             -0.14776              -0.36489              -0.09550 
             -0.16675              -0.18151               0.07271 
             -0.12733              -0.15359               0.08380 
             -0.15467              -0.15993              -0.02189 
             -0.09171              -0.09644              -0.14593 
             -0.13548              -0.11994              -0.26287 
             -0.09549              -0.30879              -0.36488 
             -0.03928              -0.38719              -0.40092 
             -0.03361              -0.46892              -0.36516 
             -0.06409              -0.57322              -0.12517 
             -0.05935              -0.45803              -0.15217 
             -0.01341              -0.47761              -0.15771 
              0.04372              -0.59208              -0.05972 
              0.04987              -0.31347              -0.40980 
              0.06151              -0.11629              -0.60205 
              0.13822              -0.01586              -0.51357 
              0.18757               0.06937              -0.39088 
              0.17301               0.01633              -0.38953 
              0.13643              -0.09530              -0.34063 
              0.05605               0.02373              -0.13035 
              0.02583              -0.08610               0.01477 
             -0.04500              -0.24337              -0.19908 
             -0.12278              -0.10261              -0.40283 
             -0.19782              -0.05917              -0.41494 
             -0.22369              -0.17257              -0.24751 
             -0.13004              -0.39214               0.04315 
             -0.04878              -0.29116              -0.00055 
              0.01347              -0.17555              -0.20597 
              0.20297              -0.09810              -0.29629 
              0.30684              -0.00621              -0.08551 
              0.30901               0.08613               0.07632 
              0.21478               0.14528              -0.01892 
              0.11002               0.12371              -0.32382 
              0.05152               0.23161              -0.36135 
             -0.09654               0.48028               0.09619 
             -0.34580               0.65977               0.52481 
             -0.34012               0.48415               0.13464 
             -0.22224               0.23674              -0.29065 
             -0.13684               0.21855              -0.32636 
             -0.15193               0.24789              -0.02915 
             -0.04685               0.12912               0.18542 
              0.12989              -0.03417              -0.08116 
              0.30380              -0.02988              -0.07597 
              0.06354              -0.02149              -0.13676 
              0.06189              -0.05789              -0.22993 
              0.27295              -0.03959              -0.25411 
              0.25213              -0.02707              -0.14463 
              0.07701              -0.06791              -0.15554 
              0.03887              -0.16926              -0.24087 
              0.15075              -0.15655              -0.31855 
              0.18877              -0.18976              -0.17410 
              0.13669              -0.13008              -0.08652 
              0.11157               0.00716              -0.28865 
              0.16226               0.19030              -0.12636 
              0.19810               0.34721               0.21074 
              0.21703               0.35010               0.08759 
              0.21970               0.18640               0.02740 
              0.30152              -0.10119               0.28051 
              0.36236              -0.31260               0.44753 
              0.42649              -0.50281               0.66648 
              0.08860              -0.13695               0.18556 
             -0.09677               0.04202               0.16228 
             -0.12495               0.15678               0.12138 
             -0.17413               0.22361               0.04236 
             -0.14100              -0.01943               0.09317 
             -0.01035              -0.40697               0.18127 
              0.14455              -0.26633              -0.06074 
              0.25223              -0.11631              -0.08581 
              0.32314              -0.08353               0.07943 
              0.13090               0.18764              -0.23275 
              0.07229               0.67703               0.12257 
             -0.21292               0.93717               0.73491 
             -0.49002               0.68504               0.57502 
             -0.57036               0.48849               0.32707 
             -0.91067               0.15085               0.32139 
             -0.56333               0.03815              -0.12351 
             -0.27032              -0.16668              -0.35508 
             -0.20038              -0.39358               0.09301 
              0.13601              -0.31924               0.73912 
              0.56312              -0.28400               0.76977 
              0.79958              -0.07959               0.65405 
              0.26773               0.00961              -0.44062 
              0.15323               0.04029              -0.66459 
              0.32376               0.04534              -0.36225 
              0.20752               0.01509              -0.10809 
             -0.04518              -0.06588               0.38351 
             -0.14385              -0.22864               0.78518 
             -0.14491              -0.36597               0.04362 
              0.07326              -0.35108              -0.30589 
              0.13202              -0.37576              -0.27324 
              0.08977              -0.56287              -0.10167 
             -0.01324              -0.62861              -0.06418 
             -0.12527              -0.60685               0.13505 
             -0.26519              -0.58659               0.46372 
             -0.13213              -0.39406               0.24477 
              0.07922              -0.19692              -0.01784 
              0.09303              -0.16364              -0.25821 
              0.20157              -0.15034              -0.43197 
              0.20254              -0.10220              -0.58265 
              0.20082              -0.06914              -0.40098 
              0.46969              -0.06958               0.40722 
             -0.04402              -0.00004               0.08802 
             -0.10191               0.14284              -0.39155 
             -0.09567               0.23530              -0.17913 
             -0.15752               0.13871              -0.16641 
             -0.23154               0.19089              -0.09596 
             -0.28479               0.42171               0.66797 
             -0.09018               0.11161              -0.16113 
             -0.15993              -0.08635              -0.36429 
             -0.13074              -0.27948              -0.33683 
             -0.10499              -0.57186              -0.04349 
             -0.14803              -0.66101               0.32487 
             -0.28145              -0.52379               0.07825 
             -0.16330              -0.65443              -0.05029 
             -0.02194              -0.75608              -0.03997 
              0.18750              -0.56634              -0.05443 
              1.06895              -0.33406               0.63697 
              0.31944              -0.19489              -0.20604 
              0.35388              -0.08473              -0.21424 
              0.24951              -0.10646              -0.13253 
             -0.01548              -0.24841              -0.13231 
             -0.03883              -0.17036               0.02822 
             -0.08151               0.05443              -0.01468 
             -0.15793              -0.11351              -0.41909 
             -0.16070              -0.25303              -0.44126 
             -0.18300              -0.47435              -0.05775 
             -0.19644              -0.34913               0.15911 
             -0.10980              -0.36246               0.20794 
             -0.09236              -0.30131              -0.04951 
             -0.24517              -0.26681               0.07766 
              0.13096              -0.30595               0.25533 
              0.40503              -0.24417               0.09808 
              0.58224              -0.28890               0.35670 
              0.47781              -0.39850               0.37868 
              0.13550              -0.19775              -0.20769 
              0.07788              -0.09552              -0.14557 
              0.13855              -0.28544               0.41527 
             -0.24484              -0.51236               0.49044 
             -0.25146              -0.36075              -0.01054 
             -0.24924              -0.23624              -0.24294 
             -0.34854              -0.18763              -0.12886 
             -0.20499              -0.09383              -0.34964 
             -0.10074              -0.02845              -0.47274 
             -0.08307               0.09477              -0.26580 
             -0.06847               0.36962               0.17081 
              0.07133               0.01486               0.16419 
              0.11277              -0.06458               0.21757 
             -0.08174               0.00456               0.15920 
             -0.06389              -0.06285              -0.24757 
              0.01298              -0.12917              -0.37925 
             -0.02637               0.02913              -0.23816 
             -0.33083               0.36336               0.31506 
             -0.68107               0.17942               0.68362 
             -0.25823               0.10754               0.01284 
             -0.10841               0.21299              -0.33006 
             -0.24793               0.08717              -0.43704 
             -0.52261               0.01495              -0.03312 
             -0.17530               0.00369              -0.35145 
              0.00057              -0.04096              -0.40956 
             -0.17977               0.04338              -0.02113 
             -0.02383               0.01722               0.00447 
              0.17399              -0.19925              -0.11061 
              0.36262              -0.14778              -0.06555 
              0.18819              -0.07759              -0.31438 
              0.00685              -0.16593              -0.23469 
             -0.10520              -0.28539               0.01537 
             -0.05733              -0.24160              -0.11891 
             -0.09244              -0.08728              -0.33258 
             -0.63459              -0.18070               0.39368 
              0.07453               0.05638              -0.04712 
              0.28297               0.14411               0.37710 
              0.40548              -0.32978               0.12549 
              0.27226              -0.16373              -0.36221 
              0.30676              -0.24125              -0.06238 
              0.19987              -0.11706               0.64004 
             -0.00979               0.17073               0.75695 
