              0.01573              -0.13831              -0.23352 
              0.02339              -0.25307              -0.19755 
              0.01947              -0.32480              -0.15607 
              0.00444              -0.36009              -0.09830 
             -0.01657              -0.36185              -0.01961 
             -0.03599              -0.32857               0.06830 
             -0.04928              -0.27772               0.14036 
             -0.05023              -0.24111               0.18883 
             -0.03913              -0.23920               0.22245 
             -0.02360              -0.26628               0.22537 
             -0.00717              -0.28885               0.17551 
              0.00567              -0.27415               0.07056 
              0.01396              -0.22110              -0.03481 
              0.02355              -0.13718              -0.08120 
              0.02855              -0.01653              -0.06887 
              0.02002               0.13093              -0.04635 
              0.00509               0.25991              -0.08040 
             -0.00535               0.33682              -0.16385 
             -0.01053               0.36873              -0.23471 
             -0.00902               0.38193              -0.24630 
              0.00314               0.38829              -0.19118 
              0.02368               0.37272              -0.10339 
              0.04515               0.32586              -0.02027 
              0.05545               0.26356               0.03829 
              0.04402               0.20898               0.06177 
              0.01864               0.18245               0.05357 
             -0.00814               0.17490               0.02157 
             -0.02539               0.16716               0.01323 
             -0.02923               0.14009               0.06611 
             -0.02382               0.06218               0.15919 
             -0.01143              -0.07449               0.20713 
             -0.00387              -0.22498               0.14513 
             -0.00567              -0.33811               0.04177 
             -0.00864              -0.40771              -0.02948 
             -0.00890              -0.44267              -0.06654 
             -0.00961              -0.44867              -0.08287 
             -0.01289              -0.41782              -0.10520 
             -0.02029              -0.35572              -0.12633 
             -0.02896              -0.27658              -0.14064 
             -0.03468              -0.18983              -0.16784 
             -0.03355              -0.11293              -0.20196 
             -0.02157              -0.06504              -0.21570 
             -0.00040              -0.04678              -0.17665 
              0.02528              -0.04308              -0.08074 
              0.04681              -0.03375               0.01765 
              0.05397               0.01064               0.07093 
              0.03825               0.10504               0.09906 
              0.00967               0.23894               0.15679 
             -0.01178               0.39477               0.24933 
             -0.01656               0.49694               0.26610 
             -0.00327               0.50139               0.17333 
              0.01599               0.45803               0.08093 
              0.02733               0.38811               0.03170 
              0.02984               0.29117              -0.01123 
              0.02545               0.18130              -0.08088 
              0.01650               0.07918              -0.16316 
              0.00534               0.00151              -0.21724 
             -0.00357              -0.04992              -0.23612 
             -0.00982              -0.07804              -0.25093 
             -0.01802              -0.09285              -0.26814 
             -0.02909              -0.11062              -0.24756 
             -0.03964              -0.14837              -0.15399 
             -0.04688              -0.22067               0.00666 
             -0.03873              -0.31898               0.14807 
             -0.01181              -0.39762               0.17713 
              0.01332              -0.43663               0.13751 
              0.02193              -0.44640               0.12229 
              0.01583              -0.42733               0.15899 
             -0.00565              -0.35151               0.18714 
             -0.03278              -0.21876               0.16756 
             -0.04092              -0.06978               0.12596 
             -0.02637               0.05935               0.05374 
             -0.00189               0.13810              -0.05866 
              0.02189               0.16759              -0.18101 
              0.03571               0.17811              -0.25482 
              0.04167               0.19749              -0.23787 
              0.04215               0.22856              -0.15439 
              0.03259               0.25791              -0.08474 
              0.02141               0.28345              -0.08954 
              0.01682               0.30556              -0.14301 
              0.00994               0.33585              -0.14916 
             -0.00146               0.37659              -0.08228 
             -0.00888               0.40422              -0.00484 
             -0.01043               0.38931               0.04953 
             -0.00915               0.31521               0.09377 
              0.00230               0.18363               0.13955 
              0.02114               0.01409               0.17653 
              0.02919              -0.14924               0.14399 
              0.02010              -0.25182               0.06035 
             -0.00542              -0.30444               0.02343 
             -0.04083              -0.32953               0.06130 
             -0.06703              -0.32012               0.08782 
             -0.06879              -0.28866               0.02885 
             -0.04750              -0.26089              -0.08295 
             -0.02031              -0.26353              -0.14590 
              0.00421              -0.29341              -0.15027 
              0.02009              -0.32000              -0.15137 
              0.02331              -0.32151              -0.17729 
              0.01768              -0.29536              -0.21273 
              0.00644              -0.24842              -0.21451 
             -0.00550              -0.17916              -0.15892 
             -0.00954              -0.07780              -0.06962 
             -0.00650               0.05463               0.00970 
             -0.00176               0.19743               0.06165 
              0.00636               0.32065               0.12055 
              0.01790               0.39379               0.17383 
              0.03004               0.40168               0.17515 
              0.04225               0.35511               0.14232 
              0.05228               0.29655               0.14745 
              0.05090               0.25784               0.18493 
              0.03040               0.24430               0.17088 
              0.00024               0.24595               0.04984 
             -0.02380               0.23996              -0.12496 
             -0.03481               0.21979              -0.24270 
             -0.03458               0.18705              -0.27556 
             -0.02471               0.13337              -0.25622 
             -0.00734               0.04519              -0.21123 
              0.00905              -0.07334              -0.16686 
              0.01405              -0.19070              -0.13192 
              0.00439              -0.28839              -0.09812 
             -0.01296              -0.35601              -0.07806 
             -0.03173              -0.39187              -0.05677 
             -0.04898              -0.41543               0.01563 
             -0.05433              -0.41764               0.14198 
             -0.04641              -0.37820               0.27574 
             -0.02955              -0.27446               0.29709 
             -0.00683              -0.16403               0.20730 
              0.01256              -0.10454               0.08947 
              0.02439              -0.08890               0.00005 
              0.03123              -0.09460              -0.03841 
              0.03649              -0.08560              -0.04915 
              0.03516              -0.03260              -0.05375 
              0.02278               0.06278              -0.07949 
              0.00833               0.17726              -0.13179 
             -0.00132               0.27745              -0.18285 
             -0.00624               0.34601              -0.21893 
              0.00053               0.39722              -0.20640 
              0.01705               0.43743              -0.13778 
              0.03526               0.44532              -0.06329 
              0.05284               0.41169              -0.01887 
              0.05684               0.33265              -0.01480 
              0.03830               0.22697              -0.00033 
              0.00238               0.12201               0.05088 
             -0.03472               0.03773               0.09888 
             -0.05550              -0.01024               0.11340 
             -0.05267              -0.02575               0.09734 
             -0.03573              -0.03245               0.09010 
             -0.01598              -0.06173               0.09198 
             -0.00111              -0.13138               0.08200 
             -0.00211              -0.23846               0.06308 
             -0.01030              -0.35659               0.04320 
             -0.01125              -0.43987               0.01287 
             -0.01198              -0.45953              -0.06068 
             -0.01425              -0.42819              -0.15999 
             -0.01638              -0.37511              -0.22733 
             -0.02290              -0.31521              -0.23725 
             -0.03141              -0.24286              -0.19597 
             -0.03008              -0.14363              -0.13686 
             -0.01389              -0.02912              -0.10372 
              0.01344               0.06366              -0.11697 
              0.04278               0.11299              -0.15295 
              0.06213               0.12957              -0.15694 
              0.06465               0.13403              -0.09750 
              0.04703               0.14188               0.00623 
              0.01254               0.16805               0.09550 
             -0.02193               0.22109               0.12132 
             -0.03222               0.28423               0.08349 
             -0.01756               0.32645              -0.00645 
              0.00336               0.32817              -0.12784 
              0.02008               0.29759              -0.24704 
              0.02852               0.24886              -0.35021 
              0.02935               0.19763              -0.42414 
              0.02454               0.15390              -0.46568 
              0.01511               0.12329              -0.46728 
              0.00365               0.13700              -0.34035 
             -0.00992               0.26695               0.03876 
             -0.02699               0.49639               0.39755 
             -0.03378               0.52941               0.15901 
             -0.02789               0.41935              -0.26239 
             -0.02588               0.41612              -0.32635 
             -0.03382               0.65188               0.10809 
             -0.04210               1.14875               0.95793 
             -0.03129               1.12075               1.07533 
              0.00563               0.68519               0.96213 
              0.04575               0.32361               1.25131 
              0.04467               0.07579               0.73092 
              0.02557               0.11630               0.01554 
              0.00923               0.44116               0.24773 
             -0.00870               1.20593               1.49238 
             -0.01948               0.90397               1.05827 
             -0.01318               0.24310              -0.09910 
             -0.00352               0.13723               0.02340 
              0.00703               0.18918               0.70272 
              0.00977               0.09227               0.55371 
              0.01401              -0.01584               0.20813 
              0.02295              -0.05582               0.68499 
              0.02484               0.04623               1.28379 
             -0.00576               0.11391               0.54055 
             -0.02757               0.03337              -0.10293 
             -0.04961              -0.14242               0.12666 
             -0.06544              -0.38403               0.51417 
             -0.03793              -0.31379               0.00365 
             -0.00852              -0.10914              -0.63641 
              0.00261               0.01354              -0.74369 
              0.01246               0.14565              -0.39468 
              0.03017               0.28238               0.11386 
              0.03380               0.24538               0.07144 
              0.01886               0.09083              -0.37261 
              0.01185              -0.01860              -0.62002 
              0.01456              -0.09856              -0.60782 
              0.02437              -0.18027              -0.40000 
              0.04135              -0.20657              -0.12241 
              0.05592              -0.09790              -0.09354 
              0.04722               0.03873              -0.38089 
              0.02500               0.08812              -0.68276 
              0.00874               0.08404              -0.84551 
             -0.00030               0.06025              -0.89271 
             -0.00944               0.00496              -0.83602 
             -0.03022              -0.15262              -0.58525 
             -0.06621              -0.51598              -0.02269 
             -0.07432              -0.88754               0.43194 
             -0.04153              -0.68151              -0.04739 
             -0.01866              -0.39091              -0.58995 
             -0.00978              -0.33940              -0.67733 
              0.00004              -0.49332              -0.37995 
              0.01519              -0.70775               0.10796 
              0.02467              -0.59043               0.16440 
              0.02810              -0.24649              -0.19232 
              0.02626              -0.02857              -0.45329 
              0.01832               0.02700              -0.49372 
              0.00586              -0.03054              -0.44427 
             -0.00601              -0.16366              -0.38749 
             -0.01417              -0.32615              -0.23702 
             -0.02152              -0.49674               0.11393 
             -0.02587              -0.55446               0.49229 
             -0.01211              -0.37513               0.48274 
              0.00318              -0.24915               0.21945 
              0.00739              -0.35049               0.20472 
              0.01022              -0.97434               1.04256 
              0.00288              -2.10784               2.23021 
             -0.00217              -1.28917               0.71597 
             -0.00137              -0.85723              -0.00245 
              0.00148              -1.55070               1.12968 
             -0.00246              -1.72310               1.61748 
             -0.00382              -0.55516              -0.16924 
             -0.00338              -0.24402              -0.59402 
             -0.00800              -0.37003              -0.33404 
             -0.03403              -1.03351               1.10098 
             -0.02712              -0.83365               0.95067 
             -0.00673              -0.22364              -0.26490 
             -0.00384              -0.12610              -0.35770 
             -0.00645              -0.23974               0.28486 
             -0.00448              -0.28659               1.35038 
             -0.00119              -0.05381               0.33116 
             -0.00137               0.00796              -0.26314 
             -0.00187               0.02935              -0.32065 
             -0.00271               0.09097              -0.18506 
             -0.00434               0.19641              -0.00841 
             -0.00427               0.24586              -0.07883 
             -0.00170               0.17697              -0.38883 
             -0.00038               0.09001              -0.62365 
             -0.00007               0.05028              -0.71878 
              0.00030               0.04083              -0.77249 
              0.00103               0.04046              -0.82567 
              0.00204               0.04469              -0.88670 
              0.00461               0.06009              -0.95699 
              0.01382               0.09674              -0.96186 
              0.03805               0.12545              -0.55171 
              0.04921              -0.16507               0.59368 
              0.01715              -0.58275               0.73121 
             -0.00356              -0.35366              -0.42476 
             -0.00732              -0.18440              -0.89826 
             -0.02180              -0.21796              -0.81289 
             -0.09755              -0.53970               0.24457 
             -0.23868              -0.78043               1.97496 
             -0.07147               0.03480               0.68818 
              0.00605               0.21603              -0.39171 
              0.03585               0.25822              -0.32882 
              0.04091               0.30871               0.13619 
              0.02240               0.15306               0.00040 
              0.00725              -0.01388              -0.56160 
             -0.00253              -0.08500              -0.82072 
             -0.01220              -0.17798              -0.71075 
             -0.02552              -0.38855              -0.20978 
             -0.02760              -0.59810               0.34791 
             -0.00685              -0.37005               0.01231 
              0.01417              -0.10636              -0.59378 
              0.02280              -0.00933              -0.79087 
              0.02768               0.06070              -0.57176 
              0.01462               0.15158               0.14479 
             -0.01792              -0.06760               0.79893 
              0.05579              -0.44089               0.44715 
              0.09364              -0.51200               0.18621 
              0.09251              -0.35755               1.02659 
              0.05831               0.54209               1.45512 
              0.01456               0.63572               0.20870 
              0.00258               0.38618              -0.56739 
             -0.00791               0.34399              -0.61402 
             -0.01547               0.43650              -0.31925 
              0.01253               0.46914              -0.11599 
              0.07829               0.39780              -0.15915 
              0.05221               0.48670               0.21451 
             -0.12756               0.33130               0.34889 
             -0.08339              -0.01659              -0.15425 
              0.02986              -0.13602              -0.62766 
              0.03294              -0.21113              -0.69013 
             -0.02088              -0.47622              -0.16282 
             -0.12612              -0.85484               0.92229 
             -0.26744              -0.89309               1.54049 
             -0.26712              -0.12992               1.54676 
             -0.40090              -0.19528               1.59139 
             -0.03672              -0.79703               1.23304 
              0.06697              -0.65678              -0.10979 
              0.04734              -0.42197              -0.54638 
              0.01572              -0.49242              -0.21690 
             -0.03507              -1.14534               1.19713 
             -0.02228              -0.82344               0.64910 
             -0.05269              -0.30048              -0.27838 
              0.02635              -0.12686              -0.56124 
              0.09089              -0.08352              -0.68934 
              0.09594              -0.09883              -0.77928 
              0.12712              -0.09504              -0.76873 
              0.21453              -0.03070              -0.56951 
              0.41980               0.00088              -0.03285 
              0.54869              -0.35133               0.70190 
              0.33704              -0.75872               1.09731 
              0.05752              -0.55985               0.23122 
             -0.05999              -0.40354              -0.34145 
             -0.13140              -0.22645              -0.39445 
             -0.24791              -0.15037              -0.22649 
             -0.27970              -0.44767               0.14651 
             -0.37360              -0.71438               0.49478 
             -0.32674              -0.43796               0.00711 
             -0.13081              -0.39810              -0.30812 
             -0.04559              -0.31968              -0.39882 
             -0.03710              -0.24369              -0.42449 
             -0.01264              -0.27656              -0.34601 
             -0.00790              -0.19464              -0.48994 
             -0.01347              -0.20484              -0.47550 
              0.06909              -0.44820               0.07949 
              0.12207              -0.52735               0.43285 
              0.03685              -0.39460               0.05657 
             -0.02298              -0.28107              -0.43791 
             -0.00074              -0.11399              -0.70198 
              0.04024              -0.00557              -0.65208 
              0.03681               0.07192              -0.42813 
             -0.00599               0.15602              -0.26477 
             -0.05360               0.21670              -0.09226 
             -0.16522               0.09536               0.03255 
             -0.26654              -0.06843              -0.06291 
             -0.39888              -0.18508               0.05488 
             -0.60303              -0.35303               0.28577 
             -0.47980              -0.37759              -0.00171 
             -0.32585              -0.39099              -0.22397 
             -0.37254              -0.44796               0.01647 
             -0.55192              -0.37489               0.29095 
             -0.59884              -0.23682               0.23605 
             -0.43119              -0.11517               0.01659 
             -0.27935               0.00008              -0.21146 
             -0.29752               0.07159              -0.28064 
             -0.38596               0.11495              -0.19222 
             -0.41525               0.18046              -0.05891 
             -0.41839               0.12257              -0.02535 
             -0.37501              -0.09378               0.22137 
             -0.18576              -0.35356               0.40112 
              0.03020              -0.43208               0.23815 
              0.05470              -0.23112              -0.23307 
             -0.11853              -0.24824              -0.24407 
             -0.49745              -0.27164               0.19548 
             -0.94288               0.00517               0.48188 
             -1.19212               0.13691               0.68890 
             -0.72997               0.16223               0.01407 
             -0.55168               0.20298              -0.14445 
             -0.70201               0.30037               0.28366 
             -0.57354               0.23059               0.23972 
             -0.48263               0.06889               0.18454 
             -0.30087              -0.02209               0.09938 
             -0.23837              -0.21724               0.09315 
             -0.24933              -0.39441               0.09484 
             -0.32775              -0.47841               0.03962 
             -0.45095              -0.26491              -0.18088 
             -0.58151              -0.12452              -0.22355 
             -0.74096              -0.13405               0.05261 
             -0.75037              -0.15924               0.13915 
             -0.54486              -0.14051              -0.11380 
             -0.22133              -0.17256              -0.24948 
              0.14100              -0.23222              -0.15589 
              0.51047              -0.26699               0.11048 
              0.52682              -0.26450               0.12614 
              0.46509              -0.06963              -0.02837 
              0.25984               0.08400              -0.21412 
             -0.04856               0.19194              -0.31136 
             -0.10210               0.38853              -0.00640 
             -0.05342               0.52207               0.47715 
             -0.07325               0.36478               0.28286 
              0.10362               0.23142              -0.28247 
              0.20399               0.10178              -0.56077 
              0.33766               0.12333              -0.43625 
              0.54893               0.26125               0.03286 
              0.61659               0.22990               0.06640 
              0.41606               0.17461              -0.27623 
              0.28621               0.19873              -0.35876 
              0.39068               0.21043              -0.07713 
              0.46398               0.24832               0.17964 
              0.18666               0.34385              -0.13579 
              0.13076               0.32473              -0.15925 
              0.00988               0.44242               0.06155 
             -0.04899               0.57236               0.16183 
             -0.04314               0.51200               0.00804 
             -0.19391               0.18435               0.18427 
             -0.21348              -0.25696               0.28145 
              0.01528              -0.32328               0.21617 
              0.16454              -0.21174              -0.00614 
              0.28388              -0.13786              -0.13112 
              0.05011              -0.27067              -0.03587 
             -0.19467              -0.35606               0.09215 
             -0.26666              -0.36012              -0.03930 
             -0.31002              -0.57278               0.10365 
             -0.46083              -0.48736               0.18337 
             -0.26013              -0.31418              -0.12478 
             -0.11223              -0.30003              -0.23926 
             -0.16344              -0.41911               0.17497 
              0.00011              -0.56399               0.23758 
              0.10749              -0.46448              -0.01720 
              0.10815              -0.39407              -0.12191 
              0.11505              -0.41080              -0.12956 
              0.15419              -0.51952               0.07789 
              0.17790              -0.61829               0.25527 
             -0.02972              -0.65403               0.25783 
             -0.03819              -0.56263               0.19109 
              0.06483              -0.53781               0.09786 
              0.01631              -0.51742              -0.07637 
             -0.05423              -0.54334              -0.05051 
             -0.15087              -0.54539               0.02823 
             -0.19725              -0.49376               0.04033 
             -0.07294              -1.00588               0.90102 
             -0.10335              -0.72602               0.67714 
              0.11313              -0.16578              -0.09912 
              0.18083              -0.24019              -0.15315 
              0.22579              -0.27152              -0.19650 
              0.23179              -0.08516              -0.04867 
              0.21732               0.07666               0.23456 
              0.14480              -0.08463               0.13922 
              0.16906              -0.21772               0.29405 
              0.15349              -0.06004               0.33011 
              0.18363              -0.28305               0.19977 
              0.12833              -0.24909              -0.25703 
              0.16542              -0.15730              -0.37178 
             -0.05486              -0.30712              -0.06089 
             -0.58320              -0.64247               1.05912 
             -0.38517              -0.66668               0.60171 
             -0.15210              -0.63364               0.06266 
             -0.09096              -0.39392              -0.41394 
             -0.03365              -0.49625              -0.27482 
              0.04165              -0.80198               0.10753 
              0.06051              -0.56510              -0.26717 
              0.07257              -0.55429              -0.30734 
              0.13199              -0.28709              -0.58580 
              0.25053              -0.27516              -0.41453 
              0.30669              -0.34419              -0.16846 
              0.08180              -0.36164              -0.10349 
             -0.03625              -0.12796              -0.26940 
              0.04162              -0.02535              -0.37814 
             -0.04211               0.06038              -0.22308 
             -0.19194               0.17584              -0.07613 
              0.03012               0.16180              -0.03687 
              0.10415               0.14913              -0.06957 
              0.00186               0.16126              -0.06708 
             -0.07436               0.18494               0.19401 
             -0.11473               0.17681               0.43866 
             -0.11062               0.20205               0.08585 
             -0.00309               0.11506              -0.26467 
              0.02728               0.13589              -0.25593 
             -0.05557               0.10989              -0.27306 
             -0.00915               0.19964              -0.06910 
              0.19859               0.27395               0.23162 
              0.07644               0.15385              -0.27724 
              0.02689               0.07872              -0.59824 
              0.13184               0.13353              -0.44696 
              0.20576               0.12028              -0.26362 
              0.09435               0.02117              -0.35455 
              0.00533              -0.09058              -0.46431 
             -0.01313              -0.04949              -0.43808 
             -0.09692              -0.04070              -0.34303 
             -0.20829              -0.09412              -0.04551 
             -0.34997              -0.03462               0.28497 
             -0.36619               0.09877              -0.10138 
             -0.19988               0.07019              -0.28057 
             -0.04427               0.04646              -0.12824 
              0.03548               0.07175               0.06564 
              0.10845               0.06877               0.18848 
              0.31777              -0.22352               0.19253 
              0.33358              -0.15075               0.00893 
              0.07857              -0.00262              -0.16300 
             -0.07690               0.10543              -0.06002 
             -0.09965               0.12548               0.08443 
             -0.07289               0.12518              -0.05139 
             -0.22293               0.18318               0.01578 
              0.06951               0.25152              -0.41820 
              0.19356               0.23809              -0.33937 
              0.25068               0.16621               0.00542 
              0.04225              -0.02091              -0.01050 
             -0.18379              -0.08362               0.05015 
             -0.32713              -0.09020               0.19133 
             -0.30308              -0.05299               0.22197 
             -0.20676              -0.14433               0.61796 
              0.04190              -0.03327               0.02019 
              0.40107               0.13696               0.89797 
              0.32276              -0.45230               0.76384 
             -0.08326              -0.26814               0.65202 
             -0.19214              -0.19555               0.62087 
              0.05763               0.06339               0.96065 
              0.20124              -0.05716               0.88588 
              0.45983              -0.42949               0.63206 
              0.34552              -0.53098               0.23810 
              0.15525              -0.34203              -0.23743 
             -0.06471              -0.44484              -0.24681 
             -0.22724              -0.43135              -0.15937 
             -0.15395              -0.30171              -0.01673 
             -0.26319              -0.25956               0.07680 
             -0.67971              -0.21288               0.31276 
             -0.38408              -0.29199               0.05303 
             -0.17746              -0.43792               0.05473 
             -0.11319              -0.34283              -0.12221 
              0.04859              -0.19629               0.00438 
              0.35188              -0.25415               0.32673 
              0.36018              -0.31649               0.06359 
              0.30224              -0.84132               0.78222 
              0.28329              -0.62656               0.86928 
              0.27601              -0.62586               0.56485 
              0.07637              -0.34607              -0.32778 
              0.01926              -0.09952              -0.71347 
             -0.05377              -0.09475              -0.57229 
             -0.09396              -0.32450              -0.17651 
              0.05585              -0.29374              -0.02021 
             -0.08513              -0.05857              -0.20784 
             -0.20354               0.08937              -0.30978 
             -0.07267               0.09553              -0.24804 
              0.00840              -0.14135              -0.31910 
              0.06831              -0.31055              -0.40075 
              0.10972              -0.28688              -0.30958 
              0.07487              -0.14858              -0.42510 
              0.05352              -0.19763              -0.47610 
             -0.00804              -0.29306              -0.34040 
             -0.15657              -0.24371              -0.21189 
             -0.27937              -0.12578              -0.06440 
             -0.01344               0.00556               0.06301 
             -0.04160               0.07968               0.15851 
             -0.17703               0.00918              -0.04516 
             -0.09744              -0.09206              -0.10147 
             -0.09202              -0.11765               0.00108 
             -0.16440               0.06146               0.02960 
             -0.07246               0.25414               0.35627 
              0.18100               0.15600               0.51337 
              0.00804               0.08714              -0.16474 
             -0.06210              -0.02781              -0.32513 
             -0.10953              -0.17173              -0.30935 
             -0.28268              -0.09167              -0.32699 
             -0.43188              -0.13742              -0.07684 
             -0.21520              -0.15659              -0.44318 
             -0.15044              -0.07058              -0.61953 
             -0.14595              -0.03009              -0.57733 
             -0.07447              -0.08654              -0.49386 
             -0.00781              -0.14979              -0.30304 
             -0.01027              -0.02935              -0.10664 
              0.07726               0.03753              -0.11909 
              0.07220               0.03862              -0.21401 
              0.05945               0.19814              -0.12055 
              0.10004               0.18119              -0.01118 
              0.50011              -0.06148               0.41241 
              0.56768              -0.28311               0.81198 
              0.34782              -0.33082               0.51027 
              0.15128              -0.17541              -0.03442 
              0.23776              -0.21819              -0.33159 
              0.25872              -0.14460              -0.37355 
              0.20605              -0.06868              -0.22211 
              0.00195               0.25128               0.09841 
             -0.23062               0.29800               0.21484 
             -0.64333               0.13401               0.38573 
             -0.16825               0.17907              -0.19434 
              0.00337               0.19741              -0.24347 
             -0.11296               0.25546              -0.17407 
              0.14176               0.26710              -0.14352 
              0.41091               0.28160               0.00357 
              0.35641               0.13384              -0.33706 
              0.51237               0.16257              -0.10905 
              0.36573               0.18689              -0.14221 
              0.25219               0.27700              -0.14913 
              0.30963               0.63816               0.51741 
              0.16721               0.67072               0.34087 
             -0.17622               0.43761              -0.02061 
             -0.49043               0.23548              -0.02498 
             -0.42128               0.26657              -0.07273 
             -0.89693               0.08554               0.55980 
             -0.99402               0.07537               0.95972 
             -0.39327               0.06584              -0.12373 
             -0.26069              -0.01016              -0.32890 
              0.06473              -0.00192               0.34771 
              0.48034              -0.50475               1.30518 
              0.41391              -0.35213               0.25770 
