             -0.00339              -0.11902              -0.21601 
             -0.00506              -0.21393              -0.20191 
             -0.00361              -0.27030              -0.19708 
             -0.00062              -0.30085              -0.14382 
              0.00232              -0.32040              -0.01846 
              0.00270              -0.32145               0.11326 
             -0.00046              -0.29892               0.16315 
             -0.00446              -0.27571               0.15378 
             -0.00721              -0.27348               0.17450 
             -0.00642              -0.28450               0.22670 
             -0.00010              -0.27351               0.21315 
              0.00648              -0.22441               0.10474 
              0.00714              -0.15351              -0.00560 
              0.00354              -0.07308              -0.04848 
             -0.00063               0.01759              -0.04576 
             -0.00474               0.11795              -0.06914 
             -0.00503               0.21163              -0.13747 
             -0.00177               0.28231              -0.19606 
              0.00122               0.33279              -0.21071 
              0.00338               0.36730              -0.19240 
              0.00442               0.37492              -0.17392 
              0.00321               0.35033              -0.15756 
              0.00059               0.31434              -0.09822 
             -0.00136               0.27842               0.00829 
             -0.00057               0.23436               0.08363 
              0.00253               0.19262               0.07319 
              0.00379               0.16528               0.02219 
              0.00218               0.14201               0.02840 
             -0.00163               0.09833               0.11872 
             -0.00589               0.00636               0.19775 
             -0.00605              -0.12195               0.18107 
             -0.00215              -0.24297               0.10690 
              0.00259              -0.33100               0.04902 
              0.00673              -0.38463               0.01978 
              0.00593              -0.39457              -0.03352 
              0.00117              -0.37213              -0.10994 
             -0.00247              -0.34713              -0.14906 
             -0.00606              -0.32217              -0.14289 
             -0.00734              -0.28186              -0.14019 
             -0.00423              -0.21992              -0.17890 
             -0.00034              -0.15099              -0.23046 
              0.00266              -0.09196              -0.23531 
              0.00397              -0.04451              -0.16618 
              0.00142              -0.00798              -0.05009 
             -0.00160               0.02516               0.03247 
             -0.00164               0.07407               0.06106 
             -0.00218               0.15165               0.11125 
             -0.00096               0.26148               0.20834 
              0.00278               0.37732               0.26554 
              0.00155               0.43854               0.21732 
             -0.00224               0.43652               0.13370 
             -0.00269               0.40996               0.10843 
             -0.00152               0.35052               0.09412 
              0.00104               0.25357               0.00362 
              0.00478               0.15701              -0.13236 
              0.00698               0.08186              -0.22525 
              0.00571               0.02845              -0.24088 
              0.00258              -0.01554              -0.22497 
             -0.00076              -0.05680              -0.22939 
             -0.00394              -0.09765              -0.24980 
             -0.00428              -0.14607              -0.23106 
             -0.00082              -0.21033              -0.13316 
              0.00358              -0.28480               0.00688 
              0.00608              -0.34936               0.10155 
              0.00562              -0.38543               0.12449 
              0.00097              -0.40236               0.14411 
             -0.00438              -0.40493               0.19832 
             -0.00689              -0.36503               0.22496 
             -0.00554              -0.27523               0.17643 
             -0.00330              -0.16477               0.10948 
             -0.00124              -0.05412               0.08513 
             -0.00156               0.04532               0.05615 
             -0.00320               0.11396              -0.04067 
             -0.00304               0.14888              -0.16488 
             -0.00220               0.16993              -0.23636 
             -0.00050               0.20123              -0.21965 
              0.00337               0.24562              -0.15183 
              0.00590               0.28482              -0.11439 
              0.00398               0.30919              -0.13654 
              0.00108               0.33336              -0.15878 
             -0.00228               0.36128              -0.13148 
             -0.00567               0.38324              -0.06112 
             -0.00448               0.37081              -0.00319 
              0.00231               0.30900               0.02726 
              0.00834               0.21248               0.08357 
              0.00970               0.09052               0.16847 
              0.00690              -0.03447               0.19739 
              0.00011              -0.13247               0.12659 
             -0.00568              -0.19829               0.04968 
             -0.00577              -0.25153               0.05494 
             -0.00267              -0.30187               0.11108 
              0.00030              -0.32701               0.09960 
              0.00338              -0.31863              -0.00865 
              0.00290              -0.30546              -0.10826 
             -0.00064              -0.30419              -0.14349 
             -0.00285              -0.30898              -0.14985 
             -0.00357              -0.30183              -0.17642 
             -0.00295              -0.27466              -0.22302 
              0.00007              -0.23867              -0.23773 
              0.00233              -0.19337              -0.18554 
              0.00069              -0.11899              -0.10130 
             -0.00226              -0.01048              -0.05247 
             -0.00441               0.11095              -0.03419 
             -0.00523               0.22133               0.01859 
             -0.00173               0.31055               0.13118 
              0.00437               0.35685               0.23075 
              0.00871               0.34395               0.22718 
              0.00883               0.30132               0.16510 
              0.00306               0.28305               0.15852 
             -0.00494               0.29091               0.18216 
             -0.00777               0.29012               0.12016 
             -0.00572               0.26920              -0.02825 
             -0.00211               0.23481              -0.15735 
              0.00357               0.18887              -0.21096 
              0.00749               0.12820              -0.21937 
              0.00624               0.04972              -0.23128 
              0.00198              -0.04034              -0.24562 
             -0.00164              -0.13272              -0.22610 
             -0.00301              -0.22407              -0.15731 
             -0.00297              -0.30350              -0.07804 
             -0.00227              -0.35139              -0.04232 
             -0.00161              -0.36806              -0.03075 
             -0.00216              -0.37282               0.03220 
             -0.00431              -0.37112               0.17416 
             -0.00557              -0.33292               0.29208 
             -0.00288              -0.24491               0.26476 
              0.00334              -0.16699               0.15460 
              0.00826              -0.12892               0.07379 
              0.01016              -0.11241               0.04343 
              0.00573              -0.08790               0.00840 
             -0.00187              -0.03269              -0.05114 
             -0.00709               0.05834              -0.09189 
             -0.00867               0.16781              -0.10138 
             -0.00563               0.26597              -0.12541 
              0.00013               0.32500              -0.18433 
              0.00577               0.34728              -0.23978 
              0.00873               0.35985              -0.23324 
              0.00837               0.37792              -0.14177 
              0.00552               0.37958              -0.03210 
              0.00243               0.33737              -0.00020 
             -0.00175               0.26674              -0.02712 
             -0.00465               0.19593              -0.02443 
             -0.00330               0.13050               0.04478 
             -0.00377               0.06664               0.12474 
             -0.00553               0.00915               0.13484 
             -0.00499              -0.03886               0.10319 
             -0.00384              -0.08405               0.10993 
             -0.00107              -0.14187               0.14263 
              0.00369              -0.22339               0.13147 
              0.00586              -0.30697               0.05478 
              0.00450              -0.37362              -0.02454 
              0.00053              -0.42167              -0.06065 
             -0.00524              -0.43126              -0.08944 
             -0.00904              -0.39060              -0.14747 
             -0.00885              -0.31530              -0.22000 
             -0.00607              -0.23157              -0.25546 
             -0.00052              -0.14831              -0.22526 
              0.00750              -0.06619              -0.16895 
              0.01181               0.00347              -0.15240 
              0.01085               0.04893              -0.17481 
              0.00715               0.07651              -0.18566 
              0.00094               0.10174              -0.13968 
             -0.00526               0.13828              -0.05066 
             -0.00743               0.18134              -0.00101 
             -0.00568               0.22014              -0.01766 
             -0.00104               0.25793              -0.04439 
              0.00356               0.28930              -0.06213 
              0.00447               0.29719              -0.10607 
              0.00295               0.26950              -0.21700 
              0.00179               0.21979              -0.36632 
              0.00123               0.18464              -0.46669 
              0.00105               0.20023              -0.43753 
              0.00155               0.31794              -0.17967 
              0.00253               0.56715               0.26432 
              0.00183               0.68365               0.30765 
             -0.00100               0.53034              -0.13199 
             -0.00300               0.43629              -0.36872 
             -0.00628               0.54218              -0.19095 
             -0.01173               0.94019               0.46421 
             -0.01153               1.24092               0.94695 
             -0.00630               1.02966               0.85646 
             -0.00143               0.76131               1.26373 
              0.00281               0.31361               1.33707 
              0.00276               0.07962               0.45955 
              0.00596               0.25547               0.16892 
              0.01954               0.87364               1.00753 
              0.03220               1.21752               1.44403 
              0.02126               0.54348               0.32666 
              0.00464               0.28472               0.09718 
             -0.02025               0.27827               0.61981 
             -0.03174               0.13066               0.61310 
             -0.01073              -0.05936               0.19442 
              0.01319              -0.13710               0.31477 
              0.03184              -0.05432               0.86478 
              0.02221               0.17507               0.77221 
             -0.00081               0.22758               0.19378 
             -0.01771               0.13285               0.07473 
             -0.02185              -0.07674               0.29064 
             -0.00854              -0.23394               0.10416 
              0.00193              -0.16894              -0.42248 
              0.00341              -0.03584              -0.66416 
              0.00014               0.14932              -0.48837 
             -0.01194               0.42996              -0.01501 
             -0.02468               0.53357               0.14436 
             -0.02198               0.31628              -0.26290 
             -0.01414               0.09060              -0.59422 
             -0.00747              -0.07982              -0.63117 
              0.00176              -0.26661              -0.46070 
              0.01421              -0.42209              -0.25903 
              0.02336              -0.40977              -0.27298 
              0.02262              -0.24036              -0.51020 
              0.01599              -0.07558              -0.72744 
              0.00969               0.02183              -0.82300 
              0.00454               0.07278              -0.82914 
             -0.00074               0.08986              -0.76583 
             -0.00826               0.05240              -0.60975 
             -0.01859              -0.10278              -0.30784 
             -0.02462              -0.39893               0.09243 
             -0.01514              -0.61372               0.19722 
              0.00160              -0.50828              -0.19561 
              0.01351              -0.36667              -0.47864 
              0.02572              -0.33357              -0.34448 
              0.03311              -0.30030               0.16713 
              0.01699              -0.10489               0.47721 
             -0.00806               0.07005               0.06469 
             -0.01804               0.06264              -0.49862 
             -0.01878              -0.01076              -0.75192 
             -0.01804              -0.11430              -0.77283 
             -0.01617              -0.28835              -0.61907 
             -0.01002              -0.55324              -0.29913 
              0.00077              -0.85298               0.10070 
              0.01067              -0.96579               0.28953 
              0.01351              -0.79279               0.15482 
              0.00789              -0.56817               0.00410 
             -0.00337              -0.46309               0.07726 
             -0.02657              -0.66131               0.71791 
             -0.06165              -1.57705               2.22773 
             -0.03326              -1.57400               1.77280 
             -0.00802              -0.99809               0.53095 
              0.00489              -1.28093               0.75809 
              0.01033              -1.52216               1.02413 
              0.00550              -0.90330               0.11658 
              0.00236              -0.64035              -0.24388 
             -0.00068              -1.07091               0.48545 
             -0.00277              -1.60945               1.45931 
             -0.00135              -0.70568               0.05592 
             -0.00115              -0.33283              -0.47408 
             -0.00316              -0.54521              -0.00117 
             -0.01371              -1.42854               2.09786 
             -0.01321              -0.82704               1.08322 
             -0.00466              -0.28086              -0.08063 
             -0.00338              -0.24846              -0.02054 
             -0.00337              -0.32933               0.41989 
             -0.00202              -0.24816               0.30806 
             -0.00093              -0.10162              -0.16990 
             -0.00053              -0.03426              -0.39060 
             -0.00045              -0.01165              -0.44736 
             -0.00040              -0.00327              -0.46861 
             -0.00016              -0.00015              -0.48390 
              0.00021              -0.00106              -0.47905 
              0.00049              -0.00405              -0.44688 
              0.00061              -0.00704              -0.41101 
              0.00064              -0.00989              -0.39035 
              0.00059              -0.01276              -0.37345 
              0.00058              -0.01473              -0.33921 
              0.00038              -0.01688              -0.28033 
              0.00003              -0.01612              -0.20583 
             -0.00015              -0.01284              -0.14308 
             -0.00016              -0.01013              -0.10905 
             -0.00007              -0.00887              -0.09587 
              0.00006              -0.00782              -0.08652 
              0.00014              -0.00613              -0.07244 
              0.00014              -0.00415              -0.05700 
              0.00007              -0.00219              -0.04685 
              0.00000              -0.00053              -0.04154 
             -0.00000               0.00000              -0.04000 
              0.00000               0.00000              -0.04000 
              0.00000               0.00000              -0.04000 
             -0.00000               0.00000              -0.04000 
             -0.00000              -0.00000              -0.04000 
             -0.00000              -0.00000              -0.04000 
             -0.00000               0.00000              -0.04000 
              0.00000               0.00000              -0.04000 
              0.00000               0.00000              -0.04000 
             -0.00000              -0.00000              -0.04000 
              0.00000              -0.00000              -0.04000 
             -0.00000               0.00000              -0.04000 
              0.00000               0.00000              -0.04000 
              0.00000              -0.00000              -0.04000 
              0.00000              -0.00000              -0.04000 
              0.00000               0.00000              -0.04000 
             -0.00000               0.00000              -0.04000 
             -0.00000              -0.00000              -0.04000 
              0.00000              -0.00000              -0.04000 
             -0.00000              -0.00000              -0.04000 
              0.00000              -0.00000              -0.04000 
             -0.00000               0.00000              -0.04000 
             -0.00000               0.00000              -0.04000 
             -0.00000              -0.00000              -0.04000 
              0.00000               0.00000              -0.04000 
             -0.00000              -0.00000              -0.04000 
              0.00000              -0.00000              -0.04000 
              0.00000              -0.00000              -0.04000 
              0.00000              -0.00000              -0.04000 
              0.00000              -0.00000              -0.04000 
              0.00000              -0.00000              -0.04000 
             -0.00000               0.00000              -0.04000 
              0.00000               0.00000              -0.04000 
              0.00000              -0.00000              -0.04000 
             -0.00000              -0.00000              -0.04000 
              0.00000              -0.00000              -0.04000 
              0.00000              -0.00000              -0.04000 
              0.00000              -0.00000              -0.04000 
              0.00000               0.00000              -0.04000 
             -0.00000               0.00000              -0.04000 
             -0.00000               0.00000              -0.04000 
             -0.00000              -0.00000              -0.04000 
             -0.00000               0.00000              -0.04000 
              0.00000               0.00000              -0.04000 
             -0.00000              -0.00000              -0.04000 
              0.00000               0.00000              -0.04000 
              0.00000              -0.00000              -0.04000 
              0.00000               0.00000              -0.04000 
              0.00000              -0.00000              -0.04000 
             -0.00000               0.00000              -0.04000 
             -0.00000              -0.00000              -0.04000 
             -0.00000              -0.00000              -0.04000 
              0.00000               0.00000              -0.04000 
              0.00000               0.00000              -0.04000 
              0.00000               0.00000              -0.04000 
             -0.00000               0.00000              -0.04000 
             -0.00000               0.00000              -0.04000 
              0.00000               0.00000              -0.04000 
              0.00000               0.00000              -0.04000 
              0.00000               0.00000              -0.04000 
              0.00000               0.00000              -0.04000 
             -0.00000               0.00000              -0.04000 
              0.00000              -0.00000              -0.04000 
              0.00000               0.00000              -0.04000 
              0.00000               0.00000              -0.04000 
              0.00000               0.00000              -0.04000 
              0.00000               0.00000              -0.04000 
              0.00000              -0.00000              -0.04000 
             -0.00000               0.00000              -0.04000 
              0.00000               0.00000              -0.04000 
             -0.00000              -0.00000              -0.04000 
              0.00000               0.00000              -0.04000 
             -0.00000              -0.00000              -0.04000 
             -0.00000               0.00000              -0.04000 
             -0.00000              -0.00000              -0.04000 
             -0.00000              -0.00000              -0.04000 
              0.00000               0.00000              -0.04000 
             -0.00000               0.00000              -0.04000 
              0.00000               0.00000              -0.04000 
             -0.00000               0.00000              -0.04000 
              0.00000              -0.00000              -0.04000 
              0.00000              -0.00000              -0.04000 
              0.00000              -0.00000              -0.04000 
              0.00000              -0.00000              -0.04000 
             -0.00000              -0.00000              -0.04000 
              0.00000              -0.00000              -0.04000 
              0.00000               0.00000              -0.04000 
             -0.00000              -0.00000              -0.04000 
             -0.00000              -0.00000              -0.04000 
             -0.00000              -0.00000              -0.04000 
             -0.00000               0.00000              -0.04000 
              0.00000               0.00000              -0.04000 
              0.00000              -0.00000              -0.04000 
             -0.00000              -0.00000              -0.04000 
             -0.00000               0.00000              -0.04000 
              0.00000               0.00000              -0.04000 
              0.00000               0.00000              -0.04000 
              0.00000               0.00000              -0.04000 
              0.00000               0.00000              -0.04000 
              0.00000              -0.00000              -0.04000 
              0.00055              -0.00066              -0.04321 
              0.00129              -0.00167              -0.05447 
              0.00192              -0.00231              -0.06791 
              0.00220              -0.00216              -0.07900 
              0.00212              -0.00135              -0.08570 
              0.00189              -0.00065              -0.09295 
              0.00170              -0.00035              -0.10981 
              0.00155              -0.00053              -0.13975 
              0.00136              -0.00114              -0.17643 
              0.00121              -0.00202              -0.21294 
              0.00132              -0.00320              -0.25143 
              0.00199              -0.00491              -0.29912 
              0.00325              -0.00715              -0.35826 
              0.00465              -0.00933              -0.42149 
              0.00560              -0.01080              -0.47728 
              0.00589              -0.01150              -0.51981 
              0.00574              -0.01185              -0.55739 
              0.00544              -0.01170              -0.61461 
              0.00449              -0.00843              -0.71588 
             -0.00017               0.00929              -0.84575 
             -0.01839               0.08593              -0.89391 
             -0.08192               0.34117              -0.57722 
             -0.23480               0.74476               0.19107 
             -0.36079               0.79548               0.52052 
             -0.20336               0.46254              -0.06220 
              0.02289               0.24297               0.05039 
              0.36776               0.23923               1.44787 
              0.48308               0.12651               1.45588 
              0.37251               0.09223               0.66104 
              0.43631               0.02766               1.38519 
              0.42804              -0.43076               1.97007 
              0.05353              -0.46172               0.44441 
             -0.16967              -0.60963               0.12283 
             -0.30658              -0.79632               0.45784 
             -0.32048              -0.71205               0.38289 
             -0.18084              -0.41977              -0.17621 
             -0.04066              -0.33321              -0.34634 
              0.09722              -0.58190               0.07722 
              0.23661              -1.19181               0.91371 
              0.23867              -1.58103               1.29454 
              0.05377              -1.27708               0.94751 
             -0.30138              -1.04912               1.38284 
             -0.74847              -0.53962               2.39721 
             -0.15088              -0.00728               1.32129 
              0.22766               0.04258               0.61629 
              0.44205              -0.06311               0.60136 
              0.52988              -0.17674               0.48901 
              0.38921              -0.14601               0.07607 
              0.24859              -0.12759              -0.30129 
              0.12522              -0.07350              -0.61680 
              0.04980              -0.01157              -0.80216 
              0.03382              -0.00982              -0.78533 
              0.03952              -0.09474              -0.63555 
              0.00126              -0.19619              -0.56819 
             -0.04859              -0.23447              -0.61967 
             -0.05528              -0.30940              -0.52875 
             -0.02932              -0.51040              -0.15248 
             -0.02597              -0.75217               0.36217 
             -0.04513              -0.63476               0.25386 
             -0.00836              -0.32197              -0.40707 
              0.02071              -0.24303              -0.64032 
              0.00999              -0.29138              -0.57534 
             -0.03487              -0.43196              -0.31617 
             -0.06600              -0.64437               0.03254 
             -0.07560              -0.56177              -0.07261 
             -0.05873              -0.44153              -0.31786 
             -0.03046              -0.38305              -0.48390 
             -0.01169              -0.29777              -0.62172 
              0.02493              -0.24536              -0.64113 
              0.08061              -0.23857              -0.54998 
              0.08886              -0.20801              -0.48519 
              0.01879              -0.17704              -0.39483 
             -0.07231              -0.20905              -0.14920 
             -0.14512              -0.18712               0.08775 
             -0.18778               0.02104               0.10178 
             -0.12635               0.19078              -0.16447 
             -0.03835               0.19886              -0.47258 
             -0.00893               0.33784              -0.34019 
              0.06865               0.83157               0.40204 
              0.27164               1.28220               1.15390 
              0.22195               0.89088               0.60247 
              0.07394               0.47833               0.08282 
              0.00909               0.21629               0.22470 
             -0.07942               0.19907               0.16597 
             -0.10512               0.20807              -0.08270 
             -0.01973               0.17324              -0.25669 
              0.04696               0.22275              -0.26954 
              0.05067               0.29206              -0.22905 
              0.06978               0.21688              -0.33215 
              0.11131               0.09136              -0.43365 
              0.09608              -0.03247              -0.53474 
              0.04135              -0.14193              -0.62094 
              0.00156              -0.26640              -0.57922 
             -0.00302              -0.45850              -0.32767 
              0.00997              -0.67219              -0.04268 
              0.00081              -0.68794              -0.07089 
             -0.03016              -0.55275              -0.26690 
             -0.04440              -0.50031              -0.34244 
             -0.04809              -0.53374              -0.27770 
             -0.10920              -0.55819              -0.07256 
             -0.21661              -0.51206               0.19798 
             -0.17443              -0.33378               0.15103 
             -0.08063              -0.07997               0.00692 
              0.02853               0.06584              -0.07546 
              0.12792               0.04235              -0.18057 
              0.15185               0.00563              -0.19221 
              0.12636              -0.00150              -0.22914 
              0.09533              -0.02269              -0.30121 
              0.07389               0.04089              -0.25381 
              0.03584               0.24479              -0.13665 
              0.06850               0.42546              -0.04104 
              0.13320               0.55024              -0.05538 
              0.18496               0.59394              -0.09040 
              0.33458               0.56232               0.04881 
              0.41569               0.54233               0.14846 
              0.31375               0.50306              -0.04122 
              0.23541               0.51706               0.16845 
             -0.08336               0.59925               0.67644 
             -0.47011               0.59258               0.83464 
             -0.66091               0.31759               0.62418 
             -0.52811               0.13139               0.14973 
             -0.30726               0.12313               0.13552 
              0.00222               0.24913               1.06950 
             -0.02757              -0.00421               1.58598 
              0.03012              -0.36055               0.61631 
             -0.06025              -0.72360               0.46517 
             -0.16648              -1.08951               0.79458 
             -0.16097              -0.99209               0.47475 
             -0.12468              -0.74242               0.08533 
             -0.05832              -0.58932               0.13907 
              0.23451              -0.27012               0.77146 
              0.21550               0.14943               0.77729 
              0.05428               0.10325               0.16782 
              0.15571               0.03531               0.02389 
              0.00129               0.04351               0.00621 
             -0.00069              -0.02842              -0.02995 
              0.23282              -0.09077               0.07222 
              0.23444               0.04192              -0.01295 
              0.20076               0.18374              -0.11153 
              0.11813               0.20709               0.07012 
             -0.07769               0.17773               0.38389 
             -0.35582              -0.02132               0.21636 
             -0.21035              -0.20609              -0.31087 
             -0.14097              -0.14121              -0.73190 
             -0.16545              -0.12146              -0.71468 
             -0.22653              -0.24491              -0.33073 
             -0.31705              -0.33473               0.01929 
             -0.35416              -0.29213               0.11718 
             -0.24184              -0.18853              -0.03903 
             -0.12506              -0.13490              -0.38274 
             -0.08023              -0.15052              -0.48688 
             -0.04121              -0.26863              -0.23485 
              0.02148              -0.26350              -0.24152 
              0.01349              -0.16078              -0.53044 
              0.07852              -0.13563              -0.67780 
              0.12544              -0.14753              -0.62343 
              0.12877              -0.10584              -0.43154 
              0.11314              -0.08958              -0.12449 
              0.10137              -0.17782              -0.08452 
              0.08948              -0.14505              -0.13830 
             -0.00433              -0.07139              -0.48377 
              0.00395              -0.09741              -0.53535 
              0.07388              -0.12794              -0.26935 
              0.02817              -0.21251              -0.19097 
              0.09704              -0.38389              -0.02523 
              0.17066              -0.47728               0.14523 
              0.04994              -0.24901              -0.38414 
              0.06729              -0.37272              -0.30468 
              0.18148              -0.54192               0.14925 
              0.11286              -0.46237               0.13862 
             -0.00422              -0.20514              -0.22664 
             -0.02370              -0.01016              -0.39835 
             -0.05546               0.02315              -0.21296 
             -0.06936              -0.01342               0.11127 
             -0.00651               0.05765               0.27352 
              0.06277              -0.08226               0.09757 
              0.12277              -0.12772              -0.01698 
              0.12760              -0.23758               0.13115 
              0.05081              -0.18024               0.03670 
             -0.08957              -0.12610               0.25389 
             -0.10001              -0.00429               0.77729 
              0.04791              -0.04925               0.75825 
              0.03842              -0.25875               0.45250 
             -0.00791              -0.43997               0.26008 
             -0.04427              -0.70333               0.38449 
              0.03660              -1.15756               0.82677 
              0.05409              -0.98230               0.73555 
              0.00019              -0.65462               0.23974 
              0.04127              -0.48759               0.00909 
             -0.07191              -0.41296               0.28268 
             -0.07190              -0.52806               0.49506 
              0.13999              -0.41553               0.13621 
              0.06378              -0.23677              -0.16678 
             -0.07883              -0.31688              -0.07034 
              0.04658              -0.58610               0.25137 
              0.22150              -0.48126               0.40141 
              0.09785              -0.41334               0.01607 
              0.07156              -0.29975              -0.11941 
              0.09581              -0.19355               0.06941 
              0.10934              -0.46012               0.52593 
             -0.02434              -0.49591               0.40232 
             -0.05536              -0.24550              -0.22157 
             -0.22489              -0.10681              -0.28326 
             -0.27361              -0.09855              -0.17884 
             -0.23137              -0.08128              -0.03539 
             -0.18155              -0.06307               0.14827 
             -0.07583               0.08656              -0.02393 
             -0.02776               0.04686              -0.43243 
              0.02139               0.04337              -0.58805 
              0.05586               0.09135              -0.59591 
              0.07732               0.15463              -0.58611 
              0.14885               0.14367              -0.44351 
              0.15446               0.10182              -0.24289 
              0.00769               0.09176              -0.34320 
              0.00919               0.11216              -0.51897 
              0.06403               0.13323              -0.58487 
              0.14219               0.11053              -0.46388 
              0.26898               0.04232              -0.08332 
              0.22745               0.12954               0.10781 
              0.07830               0.10287              -0.14870 
              0.03053              -0.04660              -0.36587 
             -0.09699              -0.17327              -0.21757 
             -0.12253              -0.23141              -0.04991 
             -0.10374              -0.32180              -0.03524 
             -0.07720              -0.33713               0.03882 
