             -0.00000              -0.10802              -0.23069 
              0.00000              -0.19853              -0.20227 
              0.00000              -0.25811              -0.16336 
              0.00000              -0.29051              -0.10395 
              0.00000              -0.30536              -0.01422 
             -0.00000              -0.30959               0.09275 
              0.00000              -0.30702               0.18035 
             -0.00000              -0.30046               0.22028 
             -0.00000              -0.29138               0.22049 
             -0.00000              -0.27553               0.19983 
             -0.00000              -0.24448               0.15783 
             -0.00000              -0.19552               0.09222 
              0.00000              -0.13363               0.01993 
              0.00000              -0.05889              -0.04135 
              0.00000               0.02657              -0.08289 
              0.00000               0.11932              -0.11634 
             -0.00000               0.20766              -0.15605 
             -0.00000               0.27568              -0.20051 
             -0.00000               0.32245              -0.22612 
              0.00000               0.35167              -0.21596 
              0.00000               0.36381              -0.17093 
              0.00000               0.35321              -0.10838 
             -0.00000               0.31746              -0.04790 
             -0.00000               0.26746               0.00406 
             -0.00000               0.22131               0.04778 
             -0.00000               0.18937               0.07704 
             -0.00000               0.16608               0.08895 
              0.00000               0.13383               0.10033 
              0.00000               0.07274               0.12968 
              0.00000              -0.02755               0.16141 
              0.00000              -0.14552               0.15280 
             -0.00000              -0.24960               0.10119 
             -0.00000              -0.31940               0.03513 
             -0.00000              -0.35859              -0.01757 
             -0.00000              -0.37407              -0.05938 
             -0.00000              -0.36765              -0.10578 
              0.00000              -0.34409              -0.15422 
              0.00000              -0.31046              -0.18746 
              0.00000              -0.26875              -0.19692 
              0.00000              -0.21611              -0.19126 
             -0.00000              -0.15189              -0.18337 
             -0.00000              -0.08822              -0.16670 
             -0.00000              -0.03560              -0.12727 
              0.00000               0.00417              -0.05938 
             -0.00000               0.04116               0.02533 
             -0.00000               0.09226               0.10636 
             -0.00000               0.17061               0.17279 
             -0.00000               0.27617               0.22529 
             -0.00000               0.37586               0.24208 
             -0.00000               0.42703               0.20461 
             -0.00000               0.42002               0.13704 
              0.00000               0.37322               0.07611 
              0.00000               0.30413               0.02268 
              0.00000               0.22675              -0.04471 
             -0.00000               0.15349              -0.13006 
             -0.00000               0.09050              -0.20994 
             -0.00000               0.03854              -0.25762 
             -0.00000              -0.01041              -0.27005 
             -0.00000              -0.06189              -0.25665 
              0.00000              -0.11662              -0.22387 
              0.00000              -0.17340              -0.16742 
              0.00000              -0.22908              -0.08342 
             -0.00000              -0.28351               0.01950 
             -0.00000              -0.33229               0.11000 
             -0.00000              -0.36670               0.15905 
             -0.00000              -0.38327               0.17841 
              0.00000              -0.37921               0.19629 
              0.00000              -0.34189               0.20855 
              0.00000              -0.26078               0.18885 
              0.00000              -0.14925               0.13149 
             -0.00000              -0.03575               0.05305 
             -0.00000               0.05720              -0.03157 
             -0.00000               0.11635              -0.10835 
              0.00000               0.15065              -0.16928 
              0.00000               0.17643              -0.20175 
              0.00000               0.20668              -0.20077 
              0.00000               0.24350              -0.17981 
             -0.00000               0.28149              -0.16019 
             -0.00000               0.31455              -0.15013 
             -0.00000               0.34049              -0.13570 
              0.00000               0.35940              -0.09584 
              0.00000               0.36371              -0.03029 
              0.00000               0.33754               0.03642 
              0.00000               0.27196               0.08376 
             -0.00000               0.17585               0.11850 
             -0.00000               0.06528               0.14988 
             -0.00000              -0.04592               0.16055 
             -0.00000              -0.14019               0.13779 
              0.00000              -0.21248               0.10419 
              0.00000              -0.26347               0.07627 
              0.00000              -0.29543               0.04945 
             -0.00000              -0.30911               0.00729 
             -0.00000              -0.30937              -0.05063 
             -0.00000              -0.30506              -0.10703 
             -0.00000              -0.30195              -0.14891 
              0.00000              -0.29848              -0.17914 
              0.00000              -0.28847              -0.20505 
              0.00000              -0.26678              -0.22167 
              0.00000              -0.22974              -0.21268 
              0.00000              -0.16953              -0.16810 
             -0.00000              -0.08001              -0.09342 
             -0.00000               0.03499              -0.01405 
              0.00000               0.14885               0.04426 
              0.00000               0.23487               0.08617 
              0.00000               0.28961               0.13949 
             -0.00000               0.31618               0.19847 
             -0.00000               0.32017               0.22762 
             -0.00000               0.31312               0.21230 
             -0.00000               0.30614               0.17132 
              0.00000               0.29808               0.11332 
              0.00000               0.27944               0.02744 
              0.00000               0.24699              -0.07829 
              0.00000               0.20552              -0.17220 
             -0.00000               0.15531              -0.23194 
             -0.00000               0.09788              -0.25009 
             -0.00000               0.02840              -0.24009 
             -0.00000              -0.05407              -0.21788 
              0.00000              -0.14404              -0.18901 
              0.00000              -0.23102              -0.15010 
              0.00000              -0.30449              -0.09645 
              0.00000              -0.35894              -0.02507 
             -0.00000              -0.38455               0.05600 
             -0.00000              -0.37662               0.14107 
             -0.00000              -0.33750               0.21654 
             -0.00000              -0.27737               0.25089 
              0.00000              -0.21564               0.22309 
              0.00000              -0.16981               0.15036 
             -0.00000              -0.13986               0.07416 
             -0.00000              -0.10953               0.01720 
             -0.00000              -0.05861              -0.02824 
              0.00000               0.01606              -0.07299 
              0.00000               0.10508              -0.11935 
              0.00000               0.19283              -0.15889 
              0.00000               0.26477              -0.18748 
             -0.00000               0.31696              -0.20188 
             -0.00000               0.34957              -0.19922 
             -0.00000               0.36572              -0.17320 
             -0.00000               0.36663              -0.12319 
             -0.00000               0.34847              -0.06224 
              0.00000               0.30760              -0.00789 
              0.00000               0.24679               0.03189 
              0.00000               0.17566               0.06315 
              0.00000               0.10630               0.09485 
             -0.00000               0.04769               0.12255 
             -0.00000              -0.00040               0.13208 
             -0.00000              -0.04564               0.12518 
             -0.00000              -0.10126               0.11631 
              0.00000              -0.17784               0.10901 
              0.00000              -0.26712               0.08256 
             -0.00000              -0.34364               0.02104 
             -0.00000              -0.38644              -0.06169 
              0.00000              -0.39413              -0.13648 
              0.00000              -0.37576              -0.18519 
              0.00000              -0.33590              -0.21112 
              0.00000              -0.27692              -0.22574 
              0.00000              -0.20341              -0.23552 
             -0.00000              -0.12539              -0.23779 
             -0.00000              -0.05389              -0.23223 
             -0.00000               0.00497              -0.23003 
             -0.00000               0.04881              -0.23855 
              0.00000               0.08088              -0.24859 
              0.00000               0.10831              -0.24407 
              0.00000               0.13623              -0.22383 
              0.00000               0.16530              -0.20552 
              0.00000               0.19858              -0.19545 
             -0.00000               0.25165              -0.15413 
             -0.00000               0.35749              -0.01333 
             -0.00000               0.52471               0.20280 
             -0.00000               0.63613               0.25744 
              0.00000               0.59954               0.06258 
              0.00000               0.53193              -0.12278 
              0.00000               0.52921              -0.14589 
             -0.00000               0.59464              -0.04797 
             -0.00000               0.71884               0.10256 
             -0.00000               0.98165               0.40287 
             -0.00000               1.33123               0.80212 
             -0.00000               1.19054               0.55266 
             -0.00000               0.83567               0.12583 
             -0.00000               0.66646               0.34672 
             -0.00000               0.50384               1.23011 
             -0.00000               0.23638               1.58953 
              0.00000               0.31824               1.01426 
              0.00000               0.73158               0.78322 
              0.00000               1.06603               0.78239 
              0.00000               0.94917               0.51071 
              0.00000               0.65153               0.31434 
              0.00000               0.31026               0.56877 
              0.00000              -0.15057               1.01558 
             -0.00000              -0.30689               0.67217 
             -0.00000              -0.12330              -0.10774 
             -0.00000               0.04466              -0.41325 
             -0.00000               0.21817              -0.16511 
             -0.00000               0.38897               0.37466 
             -0.00000               0.28627               0.45188 
             -0.00000               0.03109               0.00270 
              0.00000              -0.08174              -0.33227 
              0.00000              -0.07551              -0.40213 
              0.00000               0.00465              -0.37079 
              0.00000               0.12817              -0.36109 
             -0.00000               0.24412              -0.35039 
             -0.00000               0.32587              -0.23524 
             -0.00000               0.32288              -0.03140 
             -0.00000               0.14581              -0.00733 
             -0.00000              -0.08720              -0.28336 
             -0.00000              -0.19383              -0.57337 
              0.00000              -0.23349              -0.68537 
              0.00000              -0.29931              -0.59808 
              0.00000              -0.39962              -0.35732 
              0.00000              -0.43008              -0.19109 
              0.00000              -0.31535              -0.33265 
             -0.00000              -0.16693              -0.60882 
             -0.00000              -0.08939              -0.76645 
             -0.00000              -0.06967              -0.77663 
             -0.00000              -0.08712              -0.66600 
             -0.00000              -0.12594              -0.47906 
             -0.00000              -0.14563              -0.31641 
              0.00000              -0.10046              -0.23020 
              0.00000               0.00667              -0.12839 
              0.00000               0.12383               0.04769 
              0.00000               0.15050               0.14019 
              0.00000               0.04608               0.01017 
             -0.00000              -0.11445              -0.18859 
             -0.00000              -0.27062              -0.25745 
             -0.00000              -0.40799              -0.23753 
             -0.00000              -0.49275              -0.25752 
             -0.00000              -0.54381              -0.28746 
             -0.00000              -0.66633              -0.14957 
             -0.00000              -0.82095               0.07155 
             -0.00000              -0.77226              -0.01144 
             -0.00000              -0.64609              -0.19965 
             -0.00000              -0.74450               0.03280 
             -0.00000              -1.12393               0.83271 
             -0.00000              -1.12408               1.07519 
              0.00000              -0.84530               0.81530 
              0.00000              -1.24316               1.50142 
             -0.00000              -1.49834               1.58465 
             -0.00000              -1.04915               0.55993 
             -0.00000              -1.29958               0.80890 
             -0.00000              -1.54992               1.17883 
              0.00000              -0.97151               0.36559 
              0.00000              -0.71976               0.03476 
              0.00000              -0.91446               0.38296 
              0.00000              -1.15553               0.68760 
              0.00000              -1.33110               0.81659 
              0.00000              -1.32676               0.74024 
              0.00000              -0.93279               0.17037 
              0.00000              -0.71412              -0.11470 
              0.00000              -0.78647               0.04294 
              0.00000              -0.95164               0.33159 
              0.00000              -0.88334               0.21596 
             -0.00000              -0.66076              -0.15462 
             -0.00000              -0.52660              -0.37139 
             -0.00000              -0.50495              -0.40414 
             -0.00000              -0.49464              -0.41741 
             -0.00000              -0.42478              -0.52498 
             -0.00000              -0.34642              -0.65045 
             -0.00000              -0.33678              -0.67587 
             -0.00000              -0.41812              -0.54278 
             -0.00000              -0.50520              -0.32318 
             -0.00000              -0.42766              -0.24891 
             -0.00000              -0.18625              -0.34051 
             -0.00000               0.09053              -0.32056 
              0.00000               0.40670              -0.01836 
              0.00000               0.67657               0.28213 
              0.00000               0.57218              -0.00798 
              0.00000               0.31594              -0.49606 
              0.00000               0.15377              -0.71009 
              0.00000               0.03462              -0.57940 
              0.00000              -0.22368              -0.05580 
              0.00000              -0.57569               0.38393 
              0.00000              -0.52638              -0.05942 
             -0.00000              -0.29114              -0.65709 
             -0.00000              -0.18567              -0.86768 
             -0.00000              -0.20460              -0.84063 
             -0.00000              -0.33389              -0.62962 
             -0.00000              -0.53487              -0.27747 
             -0.00000              -0.63757              -0.08135 
             -0.00000              -0.55806              -0.18348 
             -0.00000              -0.52627              -0.19186 
             -0.00000              -0.63102               0.04905 
             -0.00000              -0.63679               0.07225 
             -0.00000              -0.45301              -0.29728 
             -0.00000              -0.34860              -0.46433 
             -0.00000              -0.37850               0.11054 
             -0.00000              -0.09316               1.56469 
             -0.00000               0.64488               1.38152 
              0.00000               0.60468               0.05074 
              0.00000               0.94396               0.26884 
              0.00000               1.89934               1.58893 
             -0.00000               1.12219               0.43644 
             -0.00000               0.48625              -0.51169 
              0.00000               0.45183              -0.53203 
              0.00000               0.64153              -0.20670 
              0.00000               0.63855              -0.18834 
              0.00000               0.35577              -0.62019 
              0.00000               0.13734              -0.92609 
              0.00000               0.04885              -0.99454 
              0.00000               0.01891              -0.97091 
              0.00000               0.00878              -0.93826 
              0.00000               0.00523              -0.91785 
              0.00000               0.00485              -0.91768 
              0.00000               0.00845              -0.95002 
              0.00000               0.02233              -1.02533 
              0.00000               0.05487              -0.98053 
              0.00000              -0.11927               0.15296 
              0.00000              -1.39133               2.39583 
              0.00000              -0.83613               0.43360 
             -0.00000              -0.33338              -0.75905 
             -0.00000              -0.55850              -0.24039 
             -0.00000              -1.06826               1.52899 
             -0.00000              -0.09901               0.99093 
             -0.00000               0.39579              -0.03246 
              0.00000               0.49171               0.54971 
              0.00000              -0.27610               1.82702 
              0.00000              -0.60844               0.67433 
              0.00000              -0.23576              -0.53839 
             -0.00000              -0.13566              -0.72441 
             -0.00000              -0.21958              -0.18237 
             -0.00000              -0.40009               0.89775 
             -0.00000              -0.37797               0.62775 
             -0.00000              -0.89794               0.72891 
             -0.00000              -2.52435               2.64369 
             -0.00000              -1.24672               0.85429 
             -0.00000              -0.94943               0.83108 
             -0.00000              -2.01426               2.78776 
             -0.00000              -0.64806               0.37684 
              0.00000              -0.18500              -0.48448 
              0.00000              -0.15545              -0.17779 
              0.00000              -0.59870               0.81205 
              0.00000              -0.97482               0.82216 
              0.00000              -0.42225              -0.51332 
              0.00000              -0.12729              -0.96018 
              0.00000              -0.06174              -0.99303 
             -0.00000              -0.06928              -1.01310 
             -0.00000              -0.13128              -0.92497 
             -0.00000              -0.25944              -0.37803 
             -0.00000              -0.25597               0.48875 
             -0.00000              -0.00312               0.51796 
             -0.00000               0.13136               0.33773 
              0.00000               0.00689               0.84012 
              0.00000              -0.47634               0.84229 
              0.00000              -0.50051              -0.17449 
             -0.00000              -0.29965              -0.76696 
             -0.00000              -0.27483              -0.81062 
             -0.00000              -0.44678              -0.48430 
             -0.00000              -0.60738               0.00588 
             -0.00000              -0.39640              -0.09020 
             -0.00000              -0.19421              -0.42048 
             -0.00000              -0.31612              -0.28126 
              0.00000              -0.64240               0.11361 
              0.00000              -0.87115               0.36682 
             -0.00000              -0.69557               0.10288 
             -0.00000              -0.32659              -0.48094 
             -0.00000              -0.08593              -0.83049 
             -0.00000               0.09782              -0.72733 
             -0.00000               0.68846               0.36854 
              0.00000               1.54284               1.66436 
              0.00000               0.64571               0.04932 
              0.00000               0.30335              -0.68004 
              0.00000               0.40250              -0.52131 
             -0.00000               0.65495              -0.05261 
             -0.00000               0.71316               0.15301 
             -0.00000               0.50427               0.22774 
             -0.00000               0.23793               1.29734 
              0.00000               0.36923               2.74442 
              0.00000               0.30626               0.44408 
              0.00000               0.11060              -0.88197 
              0.00000               0.05200              -1.04603 
             -0.00000               0.04398              -1.04474 
             -0.00000               0.06145              -1.01180 
             -0.00000               0.12734              -0.83015 
             -0.00000               0.30007              -0.30519 
             -0.00000               0.48050               0.29940 
              0.00000               0.35482               0.20659 
              0.00000               0.07470              -0.30074 
              0.00000              -0.10329              -0.61061 
             -0.00000              -0.22010              -0.64355 
             -0.00000              -0.37262              -0.45890 
             -0.00000              -0.58048              -0.12111 
             -0.00000              -0.91108               0.59398 
             -0.00000              -1.02831               1.29677 
              0.00000              -0.71111               1.01676 
              0.00000              -0.62985               0.39009 
              0.00000              -0.55494              -0.19302 
             -0.00000              -0.55079              -0.26139 
             -0.00000              -0.56300               0.02906 
             -0.00000              -0.31026               0.33357 
             -0.00000               0.16131               0.51023 
             -0.00000               0.35575               0.61195 
              0.00000              -0.07840               0.69813 
              0.00000              -0.57633               0.36758 
              0.00000              -0.51558              -0.29352 
              0.00000              -0.30518              -0.71721 
              0.00000              -0.17712              -0.88787 
             -0.00000              -0.10559              -0.94316 
             -0.00000              -0.00119              -0.88968 
             -0.00000               0.28732              -0.55698 
             -0.00000               0.84335               0.14004 
             -0.00000               0.99264               0.30189 
              0.00000               0.58275              -0.25369 
             -0.00000               0.45162              -0.36496 
             -0.00000               0.63939              -0.02090 
             -0.00000               0.92497               0.39915 
             -0.00000               0.85119               0.15255 
              0.00000               0.62303              -0.28005 
              0.00000               0.59619              -0.28098 
              0.00000               1.01693               0.61108 
              0.00000               1.00599               0.80227 
              0.00000               0.50465              -0.12157 
             -0.00000               0.38806              -0.42234 
             -0.00000               0.45025              -0.19048 
             -0.00000               0.47432               0.41258 
             -0.00000               0.08722               0.50856 
              0.00000              -0.31026               0.04993 
             -0.00000              -0.51172              -0.11138 
             -0.00000              -0.67980               0.16207 
             -0.00000              -0.56230               0.19274 
             -0.00000              -0.21530              -0.33549 
             -0.00000              -0.05460              -0.75560 
             -0.00000              -0.10349              -0.76580 
             -0.00000              -0.46403              -0.23787 
              0.00000              -1.39464               1.00912 
              0.00000              -1.49968               0.99135 
              0.00000              -0.93305               0.10888 
              0.00000              -1.01452               0.24903 
              0.00000              -1.19030               0.54680 
              0.00000              -0.76725              -0.01727 
              0.00000              -0.33375              -0.58216 
              0.00000              -0.10524              -0.80292 
             -0.00000              -0.00170              -0.75301 
             -0.00000               0.04252              -0.52195 
             -0.00000              -0.00628              -0.31616 
             -0.00000              -0.16713              -0.28785 
             -0.00000              -0.33997              -0.35031 
              0.00000              -0.42527              -0.42406 
              0.00000              -0.50452              -0.32850 
              0.00000              -0.64898               0.17680 
              0.00000              -0.37749               0.52606 
              0.00000               0.41684               0.51039 
             -0.00000               1.49821               1.20417 
             -0.00000               1.81826               1.39860 
             -0.00000               0.89765               0.07074 
             -0.00000               0.60384              -0.34125 
             -0.00000               0.99810               0.30241 
             -0.00000               1.22146               0.69665 
             -0.00000               0.69683              -0.11564 
             -0.00000               0.52288              -0.40302 
             -0.00000               0.68596              -0.19004 
             -0.00000               0.88382               0.15481 
             -0.00000               0.58577              -0.12468 
             -0.00000               0.16964              -0.59979 
             -0.00000              -0.07930              -0.73535 
             -0.00000              -0.33178              -0.50467 
             -0.00000              -0.58647              -0.19263 
             -0.00000              -0.52116              -0.36020 
              0.00000              -0.25845              -0.77470 
              0.00000              -0.11179              -0.97318 
              0.00000              -0.07487              -1.04086 
             -0.00000              -0.00977              -0.78055 
             -0.00000               0.63177               0.95363 
             -0.00000               1.17647               2.00288 
             -0.00000               0.11836              -0.16099 
             -0.00000              -0.24374              -0.74668 
              0.00000              -1.07566               0.34490 
              0.00000              -3.01967               3.06788 
              0.00000              -1.04714               0.24223 
              0.00000              -0.71484              -0.15022 
              0.00000              -1.26768               1.01523 
             -0.00000              -0.82887               0.75135 
             -0.00000              -0.16446              -0.41623 
             -0.00000              -0.01860              -0.83348 
             -0.00000              -0.01211              -0.86131 
              0.00000              -0.04732              -0.66825 
              0.00000              -0.12609              -0.26866 
              0.00000              -0.17057              -0.03458 
              0.00000              -0.08431              -0.27548 
              0.00000               0.03934              -0.58521 
              0.00000               0.15526              -0.65934 
              0.00000               0.31664              -0.49265 
              0.00000               0.49211              -0.25307 
              0.00000               0.52407              -0.26205 
             -0.00000               0.43308              -0.46427 
             -0.00000               0.45124              -0.43729 
             -0.00000               0.71681               0.06959 
             -0.00000               1.03213               0.64407 
              0.00000               1.46916               1.29068 
              0.00000               2.00522               1.95993 
              0.00000               0.92593               0.37143 
              0.00000               0.42439              -0.19676 
              0.00000               0.16035              -0.11744 
              0.00000              -0.09311               0.38678 
             -0.00000              -0.30500               1.04958 
             -0.00000              -0.32677               0.59424 
             -0.00000              -0.24605              -0.34116 
             -0.00000              -0.18498              -0.76296 
             -0.00000              -0.16641              -0.86238 
             -0.00000              -0.15943              -0.88354 
              0.00000              -0.15170              -0.89828 
              0.00000              -0.15914              -0.88763 
              0.00000              -0.25269              -0.68095 
              0.00000              -0.64164               0.37029 
             -0.00000              -1.06665               1.69539 
             -0.00000              -0.37659               0.34390 
             -0.00000              -0.10191              -0.72938 
             -0.00000              -0.09275              -0.94001 
             -0.00000              -0.21261              -0.80139 
             -0.00000              -0.74055               0.08426 
             -0.00000              -1.62586               1.41562 
              0.00000              -1.03692               0.40511 
             -0.00000              -0.93639               0.15306 
             -0.00000              -1.03466               0.31019 
             -0.00000              -0.80307              -0.03134 
             -0.00000              -0.59367              -0.34467 
             -0.00000              -0.41512              -0.44661 
             -0.00000              -0.04767              -0.24637 
             -0.00000               0.65381               0.34317 
              0.00000               1.03381               0.51313 
              0.00000               0.68673              -0.06658 
              0.00000               0.48146              -0.21775 
              0.00000               0.45476              -0.01310 
              0.00000               0.34224              -0.09756 
              0.00000               0.18267              -0.40838 
              0.00000               0.11228              -0.43057 
              0.00000               0.23879               0.30162 
             -0.00000               1.00116               1.79853 
             -0.00000               0.97775               0.90899 
             -0.00000               0.38703              -0.56664 
             -0.00000               0.22796              -0.86363 
             -0.00000               0.28300              -0.77206 
             -0.00000               0.51418              -0.43290 
             -0.00000               0.85261               0.06836 
             -0.00000               0.83068               0.03701 
             -0.00000               0.56366              -0.31353 
             -0.00000               0.46382              -0.30208 
             -0.00000               0.44042              -0.00066 
             -0.00000               0.27119              -0.01049 
             -0.00000               0.06215              -0.44420 
             -0.00000              -0.03404              -0.71345 
             -0.00000              -0.09885              -0.54060 
             -0.00000              -0.12476               0.12507 
              0.00000               0.18879               0.77405 
              0.00000               0.46572               0.93856 
              0.00000              -0.04161               0.55072 
              0.00000              -0.45362              -0.05275 
              0.00000              -0.65258              -0.12442 
              0.00000              -0.79016              -0.00246 
             -0.00000              -0.74431              -0.07739 
             -0.00000              -0.69536               0.08134 
             -0.00000              -0.63339               0.82286 
             -0.00000              -0.45408               1.57784 
             -0.00000              -0.32695               0.82669 
              0.00000              -0.24256              -0.37078 
              0.00000              -0.14426              -0.89043 
              0.00000              -0.09558              -1.00334 
              0.00000              -0.10718              -0.99477 
              0.00000              -0.26874              -0.80213 
              0.00000              -0.96534               0.27818 
              0.00000              -1.69209               1.41257 
              0.00000              -0.60711              -0.19119 
              0.00000              -0.13982              -0.93408 
              0.00000              -0.03708              -1.04382 
              0.00000              -0.01314              -1.04755 
              0.00000               0.00031              -1.06623 
              0.00000               0.06932              -0.95128 
              0.00000               0.57237               0.17584 
              0.00000               1.96922               2.47738 
             -0.00000               0.88756               0.66630 
             -0.00000               0.39757              -0.26091 
             -0.00000               0.56146               0.30699 
              0.00000               0.74671               0.84594 
              0.00000               0.47803               0.18647 
              0.00000               0.34337              -0.16622 
             -0.00000               0.42963               0.31654 
             -0.00000               0.54983               0.81212 
              0.00000               0.78270               1.09677 
              0.00000               0.67843               0.51544 
              0.00000               0.27281              -0.57957 
              0.00000               0.11801              -0.91361 
              0.00000               0.08488              -0.83512 
              0.00000               0.02265              -0.59859 
              0.00000              -0.16916              -0.32030 
              0.00000              -0.54160               0.01628 
             -0.00000              -0.99262               0.38989 
             -0.00000              -0.91542               0.14336 
             -0.00000              -0.55677              -0.37097 
             -0.00000              -0.35593              -0.62247 
             -0.00000              -0.24709              -0.76220 
             -0.00000              -0.18563              -0.85803 
             -0.00000              -0.18964              -0.89140 
             -0.00000              -0.43847              -0.56803 
             -0.00000              -1.95802               1.84588 
             -0.00000              -1.91183               2.14568 
             -0.00000              -0.37670              -0.16183 
              0.00000              -0.15620              -0.60789 
              0.00000              -0.11652              -0.62729 
              0.00000              -0.10195              -0.33389 
             -0.00000              -0.01509               0.60252 
             -0.00000               0.23482               1.23657 
             -0.00000               0.23468               0.36119 
             -0.00000               0.12256              -0.34898 
