             -0.04667              -0.12692              -0.18420 
             -0.07491              -0.22191              -0.14536 
             -0.07639              -0.26087              -0.14600 
             -0.06059              -0.25878              -0.12349 
             -0.01917              -0.25350              -0.02545 
              0.03980              -0.24885               0.11480 
              0.08233              -0.24339               0.19428 
              0.09542              -0.24849               0.17500 
              0.07642              -0.26411               0.15736 
              0.02355              -0.27154               0.20037 
             -0.02785              -0.24174               0.20744 
             -0.05733              -0.17390               0.09013 
             -0.07167              -0.10727              -0.04667 
             -0.06631              -0.05198              -0.08251 
             -0.04077               0.00946              -0.04416 
             -0.00541               0.07927              -0.05297 
              0.02904               0.15067              -0.14314 
              0.04834               0.22249              -0.22494 
              0.05219               0.28406              -0.24527 
              0.04526               0.33618              -0.19734 
              0.01968               0.36666              -0.12486 
             -0.02323               0.33291              -0.10749 
             -0.06362               0.26812              -0.08859 
             -0.08707               0.21486               0.00370 
             -0.07761               0.16776               0.09257 
             -0.03031               0.14940               0.10418 
              0.03246               0.15825               0.05849 
              0.08339               0.15173               0.04032 
              0.10384               0.11147               0.12297 
              0.08844               0.01642               0.21486 
              0.03915              -0.11898               0.16772 
             -0.01962              -0.22520               0.03575 
             -0.04908              -0.28186              -0.03285 
             -0.05474              -0.31474              -0.01898 
             -0.05021              -0.33027              -0.01151 
             -0.02588              -0.31632              -0.07292 
              0.01018              -0.28599              -0.15821 
              0.03421              -0.27146              -0.18974 
              0.04515              -0.26351              -0.17618 
              0.05105              -0.22524              -0.17245 
              0.04689              -0.15613              -0.17881 
              0.01679              -0.08522              -0.16658 
             -0.03357              -0.02751              -0.10670 
             -0.08262               0.00117              -0.00562 
             -0.11172               0.00846               0.05283 
             -0.10498               0.02567               0.04764 
             -0.05467               0.08127               0.07794 
              0.01421               0.19894               0.19401 
              0.07703               0.34492               0.28353 
              0.09927               0.41404               0.21469 
              0.07005               0.40146               0.07740 
              0.02481               0.35335               0.02121 
             -0.01685               0.28267               0.04192 
             -0.05328               0.20523               0.00484 
             -0.05724               0.13997              -0.11551 
             -0.03380               0.09376              -0.21033 
             -0.00749               0.06665              -0.22708 
              0.01789               0.03686              -0.20305 
              0.04632              -0.00797              -0.19616 
              0.06218              -0.06364              -0.22542 
              0.06369              -0.12598              -0.22619 
              0.06077              -0.19102              -0.12910 
              0.04153              -0.24818               0.03097 
             -0.00106              -0.29189               0.14385 
             -0.04782              -0.30183               0.13728 
             -0.07692              -0.30908               0.10369 
             -0.08115              -0.34142               0.15301 
             -0.05455              -0.34296               0.22572 
              0.00154              -0.28514               0.19639 
              0.05597              -0.18457               0.08598 
              0.07983              -0.06652               0.04194 
              0.06421               0.03736               0.04623 
              0.02157               0.09871              -0.02726 
             -0.02651               0.11186              -0.15769 
             -0.06558               0.10725              -0.25442 
             -0.08476               0.12529              -0.24563 
             -0.08100               0.16960              -0.13808 
             -0.05725               0.21075              -0.07720 
             -0.01865               0.24472              -0.13220 
              0.02190               0.28074              -0.18866 
              0.05198               0.31975              -0.15132 
              0.07098               0.36349              -0.01110 
              0.07176               0.35701               0.08766 
              0.04469               0.27575               0.04871 
              0.00340               0.18898               0.03695 
             -0.03934               0.10007               0.13720 
             -0.07189               0.01189               0.22553 
             -0.06790              -0.05773               0.16616 
             -0.03023              -0.12389               0.03599 
              0.02274              -0.18978               0.00841 
              0.07331              -0.25127               0.07674 
              0.10109              -0.28719               0.07904 
              0.09193              -0.27233              -0.04890 
              0.05248              -0.24503              -0.16360 
              0.00243              -0.24487              -0.16447 
             -0.04510              -0.26745              -0.10803 
             -0.07791              -0.28028              -0.11078 
             -0.08307              -0.26219              -0.19350 
             -0.06432              -0.23313              -0.25310 
             -0.03385              -0.20031              -0.19977 
              0.00836              -0.13403              -0.05633 
              0.05307              -0.02676               0.03190 
              0.07223               0.07974               0.00016 
              0.06034               0.16608              -0.00984 
              0.02287               0.22525               0.09975 
             -0.03106               0.24727               0.23519 
             -0.07434               0.24956               0.23587 
             -0.09446               0.23388               0.11342 
             -0.08896               0.24205               0.07344 
             -0.05169               0.28727               0.13088 
              0.00046               0.30648               0.13773 
              0.04651               0.26378               0.01179 
              0.07313               0.20819              -0.16749 
              0.08263               0.16601              -0.24464 
              0.07762               0.12370              -0.20754 
              0.04640               0.07434              -0.17342 
              0.00033               0.01809              -0.19485 
             -0.03739              -0.05181              -0.22044 
             -0.06397              -0.13257              -0.18899 
             -0.06983              -0.22091              -0.08163 
             -0.03923              -0.29477               0.01554 
              0.01825              -0.31395               0.01141 
              0.07440              -0.30043               0.00020 
              0.11445              -0.28685               0.09608 
              0.11844              -0.27540               0.26922 
              0.06424              -0.23977               0.31953 
             -0.01673              -0.18600               0.16934 
             -0.07695              -0.15363               0.02514 
             -0.10613              -0.13847               0.00764 
             -0.10748              -0.11535               0.04454 
             -0.07961              -0.05645               0.00229 
             -0.03338               0.02696              -0.11924 
              0.00812               0.10993              -0.18238 
              0.03497               0.18600              -0.16393 
              0.05093               0.23921              -0.15588 
              0.05447               0.26238              -0.18139 
              0.03564               0.26461              -0.20892 
             -0.00443               0.26732              -0.18586 
             -0.04961               0.29216              -0.07080 
             -0.08591               0.30107               0.02869 
             -0.09880               0.26473               0.00907 
             -0.07244               0.21929              -0.04671 
             -0.00564               0.17514              -0.02876 
              0.06988               0.11947               0.07276 
              0.12243               0.06190               0.12205 
              0.13207               0.01786               0.02898 
              0.09349              -0.01978              -0.06652 
              0.03776              -0.06503              -0.07397 
             -0.01359              -0.12146              -0.06354 
             -0.04935              -0.17589              -0.12864 
             -0.05530              -0.21193              -0.27166 
             -0.03821              -0.23329              -0.39346 
             -0.01982              -0.25318              -0.44044 
             -0.00782              -0.27769              -0.42776 
              0.00506              -0.31362              -0.34846 
              0.02809              -0.38810              -0.13243 
              0.06478              -0.52253               0.26523 
              0.08559              -0.56342               0.52489 
              0.05798              -0.38442               0.38579 
             -0.00413              -0.19245               0.25190 
             -0.09481              -0.05572               0.36074 
             -0.18609               0.02496               0.65984 
             -0.20032               0.07823               1.03246 
             -0.04590               0.28807               1.43027 
              0.13823               0.58412               1.31498 
              0.10565               0.61215               0.51328 
              0.04183               0.59081               0.01194 
             -0.00410               0.79298               0.14475 
             -0.04092               1.13167               0.57117 
             -0.04483               1.03309               0.38589 
             -0.03263               0.83088               0.04098 
             -0.02471               0.91361               0.16800 
             -0.01206               0.86033               0.12276 
             -0.00319               0.54555              -0.35573 
              0.00032               0.39857              -0.59839 
              0.00470               0.50976              -0.45136 
              0.01194               0.90349               0.24768 
              0.01434               0.96580               0.65683 
              0.02068               0.40909               0.14488 
              0.01765               0.11262               0.01885 
             -0.00409               0.07098               0.44314 
             -0.00241               0.17223               0.47892 
              0.00304               0.22373              -0.13857 
             -0.00974               0.21949              -0.58203 
             -0.01250               0.25562              -0.59402 
              0.01151               0.32544              -0.01638 
              0.05384              -0.03176               0.94677 
              0.04042              -0.53512               0.58716 
              0.01214              -0.36840              -0.42631 
             -0.00337              -0.21646              -0.76029 
             -0.01983              -0.13930              -0.73620 
             -0.04660              -0.02039              -0.56663 
             -0.07115               0.15042              -0.35965 
             -0.07706               0.28452              -0.27213 
             -0.06729               0.30190              -0.29272 
             -0.04127               0.13670              -0.26482 
              0.01971              -0.23470              -0.15274 
              0.06577              -0.48932              -0.20559 
              0.05627              -0.40579              -0.52418 
              0.03995              -0.26065              -0.77155 
              0.04605              -0.24211              -0.80199 
              0.09766              -0.35956              -0.47899 
              0.18400              -0.38220               0.27331 
              0.08526               0.04719               0.57908 
             -0.11378               0.24904               0.23599 
             -0.16170               0.08480              -0.13603 
             -0.13544              -0.08413              -0.31691 
             -0.10809              -0.21032              -0.32629 
             -0.06364              -0.26932              -0.30954 
             -0.00692              -0.19345              -0.31590 
              0.03894               0.02924              -0.21679 
              0.05942               0.36803               0.13629 
              0.02769               0.64612               0.55289 
             -0.02613               0.42072               0.48523 
              0.01504              -0.02810               0.21034 
              0.08973              -0.32646              -0.01895 
              0.11652              -0.47906              -0.07235 
              0.12203              -0.73127               0.32191 
              0.07422              -1.24732               1.18093 
             -0.04953              -1.49768               1.44466 
             -0.09108              -1.42096               1.13129 
             -0.06253              -1.14368               0.62289 
             -0.03113              -0.81597               0.11005 
             -0.01925              -0.54614              -0.27131 
             -0.01826              -0.37119              -0.49157 
             -0.02138              -0.47272              -0.26141 
             -0.01780              -1.33358               1.09451 
              0.00514              -1.34390               1.03283 
              0.03799              -0.48152              -0.39247 
              0.03133              -0.18596              -0.86009 
              0.03881              -0.17156              -0.82396 
              0.08434              -0.44779              -0.12644 
              0.11491              -1.16399               1.33142 
             -0.03164              -1.03467               1.11405 
             -0.10841              -0.56170               0.28993 
             -0.09562              -0.49077               0.52202 
             -0.00378              -0.39144               0.57215 
              0.05085              -0.18984              -0.19347 
              0.07990              -0.06431              -0.58301 
              0.12100              -0.02127              -0.24265 
              0.10060              -0.09325               0.72540 
             -0.03829              -0.18517               0.61513 
             -0.05676              -0.09018              -0.47889 
             -0.04019              -0.07457              -0.91785 
             -0.04460              -0.11427              -0.93505 
             -0.07216              -0.23106              -0.72988 
             -0.11309              -0.45510              -0.24641 
             -0.10297              -0.52332               0.05926 
             -0.03814              -0.26968              -0.26597 
             -0.00930              -0.07778              -0.61425 
             -0.02199              -0.03487              -0.63180 
             -0.10638              -0.09942              -0.23027 
             -0.26473              -0.19310               0.40759 
             -0.23743              -0.15443               0.33207 
             -0.08333              -0.01579              -0.23602 
             -0.03387               0.13297              -0.39190 
             -0.03461               0.37258              -0.02655 
              0.01536               0.61069               0.36527 
              0.04785               0.49137               0.03718 
              0.01617               0.22699              -0.44230 
             -0.04642               0.09951              -0.25848 
             -0.19333               0.03569               0.62661 
             -0.21896               0.10905               0.64975 
             -0.09302               0.09892              -0.29960 
             -0.03503               0.06043              -0.76044 
              0.00790               0.09015              -0.59673 
              0.17480               0.14569               0.24312 
              0.39015               0.05597               0.91785 
              0.27115              -0.02080               0.20433 
              0.11517              -0.02127              -0.57997 
              0.06057               0.01406              -0.79725 
              0.06317               0.09270              -0.66783 
              0.09994               0.22570              -0.32461 
              0.12460               0.29600              -0.14497 
              0.10693               0.21414              -0.33178 
              0.08891               0.09397              -0.51317 
              0.10385              -0.05475              -0.39137 
              0.12162              -0.28815               0.05321 
              0.07443              -0.43977               0.29449 
              0.03121              -0.33186              -0.10154 
              0.01370              -0.17182              -0.53531 
              0.00038              -0.10582              -0.55969 
             -0.01131              -0.13171              -0.15451 
             -0.03204              -0.16478               0.26479 
             -0.01687              -0.17553               0.00989 
              0.00467              -0.17681              -0.42285 
              0.01155              -0.11578              -0.58198 
             -0.01598              -0.06627              -0.45199 
             -0.06608              -0.06105              -0.11051 
             -0.08389               0.01401               0.09226 
             -0.06451               0.10335              -0.16131 
             -0.06195               0.09254              -0.46850 
             -0.10033               0.06066              -0.46374 
             -0.14002               0.09743              -0.14372 
             -0.19558               0.21452               0.32283 
             -0.21813               0.30879               0.37896 
             -0.17670               0.50893               0.27789 
             -0.11650               0.54601               0.21038 
              0.00780               0.53679               0.32866 
              0.23299               0.40954               0.39569 
              0.38987               0.21507               0.48995 
              0.66002               0.65471               1.66398 
              0.37092               0.77979               1.70379 
             -0.04884               0.13840               0.78258 
             -0.14149              -0.51150               0.64046 
             -0.06061              -0.95556               0.52484 
              0.01746              -1.06287               0.39317 
             -0.05855              -1.10046               0.58121 
             -0.12375              -1.21477               1.04259 
             -0.17106              -0.48526               0.48790 
             -0.08199              -0.30255               0.22905 
             -0.04195              -0.28311              -0.02314 
             -0.03303              -0.29519              -0.11407 
             -0.01574              -0.33048               0.02485 
             -0.05723              -0.29409               0.31623 
             -0.17497              -0.13781               0.50905 
             -0.22199              -0.02652               0.32703 
             -0.18228              -0.02669               0.21593 
             -0.00603              -0.05147               0.13832 
              0.16217              -0.10508               0.09019 
              0.21952              -0.11859              -0.08646 
              0.17302              -0.08455              -0.34895 
              0.17172              -0.03705              -0.25145 
              0.21166               0.01036               0.12801 
              0.15442              -0.07036               0.37292 
              0.02587              -0.16218              -0.06130 
              0.01240              -0.14279              -0.60917 
              0.03383              -0.12452              -0.80002 
              0.02712              -0.12707              -0.80570 
              0.00929              -0.18244              -0.68902 
              0.01092              -0.25382              -0.52678 
              0.03221              -0.23388              -0.43831 
              0.02642              -0.08075              -0.43446 
              0.00052               0.04501              -0.51763 
             -0.00400               0.01847              -0.65404 
             -0.01794              -0.05890              -0.57259 
             -0.08373              -0.14539              -0.20662 
             -0.12108              -0.31865               0.10170 
             -0.04830              -0.44859              -0.05060 
             -0.03523              -0.41081              -0.41761 
             -0.05511              -0.51822              -0.29219 
             -0.06306              -0.68339               0.12528 
             -0.02793              -0.48420               0.03800 
             -0.03283              -0.24477              -0.35231 
             -0.03370              -0.10082              -0.59335 
             -0.01387              -0.03523              -0.51845 
              0.04612              -0.04698              -0.13577 
              0.08646              -0.11076               0.16387 
              0.10675              -0.17156              -0.06784 
              0.07266              -0.17964              -0.50520 
             -0.00937              -0.18815              -0.66042 
             -0.15830              -0.27101              -0.39471 
             -0.47603              -0.41366               0.36916 
             -0.67377              -0.35671               0.82769 
             -0.41622              -0.02952               0.19655 
             -0.13066               0.10855              -0.36987 
              0.03338               0.10080              -0.33300 
              0.11564               0.02191              -0.04105 
             -0.02652              -0.05331               0.23398 
             -0.40839              -0.21974               0.92896 
             -0.73917              -0.13353               1.20309 
             -0.53371              -0.02100               0.48826 
             -0.21859               0.06260              -0.02397 
             -0.01464               0.07313              -0.26162 
              0.06652               0.00070              -0.02255 
              0.01855              -0.03461               0.55226 
             -0.15743               0.01252               0.66347 
             -0.15685               0.12445               0.40117 
             -0.02394               0.29553               0.21166 
              0.11040               0.38184               0.05315 
              0.24421               0.54655               0.10597 
              0.25567               0.58365               0.02343 
              0.20913               0.65335               0.01364 
              0.15283               0.73400               0.06288 
              0.07059               0.82519               0.15715 
             -0.00246               0.89787               0.22962 
             -0.04656               0.79125               0.06670 
             -0.08281               0.59509              -0.19057 
             -0.12753               0.35796              -0.49473 
             -0.17757               0.30573              -0.53220 
             -0.23836               0.37503              -0.37374 
             -0.30313               0.46190              -0.09670 
             -0.33892               0.51125               0.16333 
             -0.11770               0.47357              -0.03527 
              0.15546               0.37857              -0.06699 
              0.49250               0.24946               0.32793 
              0.56866               0.14010               0.28205 
              0.39890               0.15612              -0.16500 
              0.17891               0.12943              -0.42113 
             -0.11407              -0.02764              -0.27870 
             -0.49832              -0.25389               0.26578 
             -0.63296              -0.39760               0.39965 
             -0.41849              -0.45713               0.15742 
             -0.20625              -0.42724              -0.04556 
              0.06492              -0.36120              -0.09612 
              0.34567              -0.37550               0.38736 
              0.38944              -0.21786               0.39649 
              0.21836              -0.13024              -0.06950 
              0.13596              -0.08253              -0.36128 
              0.07225              -0.05245              -0.38436 
             -0.05896              -0.07300              -0.34516 
             -0.18959              -0.14948              -0.32743 
             -0.19492              -0.15973              -0.42778 
             -0.15059              -0.07155              -0.51752 
             -0.11158               0.02334              -0.50335 
             -0.04008               0.12080              -0.39378 
              0.11791               0.23803              -0.11671 
              0.39372               0.30558               0.23801 
              0.45477               0.29363               0.14864 
              0.21068               0.20612              -0.16246 
              0.10334               0.17408               0.22764 
             -0.30395               0.24634               1.02826 
             -0.49044               0.14549               0.81198 
             -0.17804               0.02364               0.02008 
             -0.03731              -0.08600              -0.08702 
              0.20305              -0.27425               0.31736 
              0.39730              -0.37077               0.31074 
              0.26284              -0.37586              -0.01707 
              0.22275              -0.44074              -0.08725 
              0.27902              -0.56278               0.23941 
              0.05876              -0.68532               0.57751 
             -0.09863              -0.45783               0.03175 
             -0.02251              -0.24156              -0.50563 
             -0.13924              -0.23616              -0.37035 
             -0.23567              -0.28391              -0.13731 
             -0.16088              -0.38301              -0.03238 
             -0.27324              -0.58857               0.36717 
             -0.11264              -0.77396               0.38326 
              0.07734              -0.64465              -0.04998 
              0.18546              -0.77690               0.20519 
              0.22560              -1.01909               0.69870 
              0.14341              -0.67547               0.18579 
              0.09746              -0.45170              -0.21799 
              0.12677              -0.45932              -0.19913 
              0.22425              -0.54243               0.13254 
              0.14435              -0.49462               0.33054 
              0.03366              -0.43279               0.09416 
             -0.03579              -0.40759              -0.24605 
             -0.05670              -0.37763              -0.29000 
             -0.07095              -0.20861              -0.31179 
             -0.09385               0.00029              -0.12088 
             -0.19192               0.18742               0.48416 
             -0.12351               0.15507               0.28770 
              0.04153              -0.08554              -0.09906 
             -0.05833              -0.31747               0.32442 
             -0.08152              -0.36833               0.03192 
             -0.01615              -0.38954              -0.38469 
             -0.00479              -0.60077              -0.15969 
             -0.05065              -0.77728               0.23706 
             -0.09991              -0.69859               0.21437 
             -0.05610              -0.72742               0.13993 
             -0.02009              -0.45267              -0.34223 
             -0.02295              -0.26802              -0.58957 
              0.01768              -0.27248              -0.51277 
              0.07088              -0.47206              -0.09382 
             -0.00153              -0.79719               0.51216 
             -0.02003              -0.49187               0.18139 
             -0.05442              -0.15243              -0.19325 
             -0.07424               0.06019              -0.38582 
             -0.05895               0.20511              -0.39115 
             -0.00959               0.33838              -0.25462 
              0.02467               0.31972              -0.24997 
              0.08811               0.10653              -0.41537 
              0.26451               0.13699              -0.00396 
              0.17500               0.13465               0.06892 
              0.00956               0.19248               0.01398 
             -0.07222               0.12336              -0.11030 
             -0.09696              -0.03546              -0.17691 
             -0.06548              -0.13506              -0.20597 
              0.01136              -0.10295              -0.39005 
              0.04534              -0.07060              -0.51884 
              0.01144              -0.10227              -0.36223 
             -0.04188              -0.13733              -0.09926 
              0.04361              -0.03408              -0.23309 
              0.12803               0.10248              -0.27684 
              0.10016               0.11845              -0.04852 
             -0.00332               0.07053              -0.00103 
              0.04266               0.14132              -0.00745 
              0.03733               0.22907               0.39141 
             -0.26308               0.15739               0.34281 
             -0.30927              -0.11202               0.06397 
             -0.24469              -0.19667              -0.10480 
             -0.06920              -0.63140               0.32026 
              0.30632              -0.91405               1.10260 
              0.57426              -0.45077               0.68265 
              0.30380              -0.23201              -0.12489 
              0.33152              -0.04835              -0.18499 
              0.36877               0.04969              -0.10109 
              0.39550               0.13800               0.00759 
              0.55232               0.05557               0.15076 
              0.48960               0.00232               0.07473 
              0.30394               0.02040              -0.31877 
             -0.00098               0.11607              -0.61932 
             -0.19309               0.23069              -0.39126 
             -0.36063               0.40766               0.08725 
             -0.24511               0.86467               0.59998 
             -0.07955               0.66148               0.32865 
             -0.14545               0.29335              -0.03873 
              0.05112               0.12371              -0.17575 
              0.15067               0.03797              -0.06970 
              0.10663              -0.05934               0.40565 
              0.11860              -0.09598               1.02277 
              0.08205               0.10448               0.48623 
             -0.23295              -0.12596               0.22600 
             -0.28361              -0.08893               0.06213 
             -0.15682               0.06662              -0.35604 
             -0.29812               0.01830              -0.28292 
             -0.48069              -0.17436              -0.04210 
             -0.38967              -0.30965               0.02511 
             -0.43898              -0.27674               0.36951 
             -0.37896              -0.14090               0.49783 
             -0.10414              -0.07520              -0.02079 
             -0.02898              -0.03024              -0.27845 
             -0.01740              -0.07440              -0.17984 
              0.11360              -0.25310              -0.06101 
              0.14321              -0.52835               0.04445 
              0.05173              -0.59715              -0.06077 
              0.00243              -0.58165              -0.21772 
             -0.04539              -0.62338              -0.12239 
             -0.12503              -0.55066               0.01192 
             -0.11087              -0.38449               0.08134 
              0.09929              -0.09490              -0.09054 
              0.21403               0.02306              -0.19424 
              0.32157               0.06560               0.01557 
              0.52763               0.15114               0.39777 
              0.52223               0.10623               0.32377 
              0.24632              -0.08656              -0.31821 
              0.13865              -0.22647              -0.60846 
              0.04188              -0.33807              -0.46151 
             -0.14461              -0.47737               0.26702 
             -0.10232              -0.43890               0.42751 
              0.06708              -0.17510               0.07252 
             -0.05581               0.11700              -0.07933 
             -0.11458               0.25987              -0.31150 
             -0.09086               0.10168              -0.48985 
             -0.08562               0.07913              -0.21095 
              0.00530              -0.02431               0.25373 
              0.22528              -0.31435               0.21561 
              0.14597              -0.68644               0.32790 
             -0.00896              -0.91007               0.71595 
             -0.10178              -0.67078               0.19887 
             -0.04555              -0.51205              -0.35243 
             -0.05682              -0.35837              -0.55588 
             -0.19622              -0.32933              -0.36148 
             -0.39817              -0.47364               0.12294 
             -0.19799              -0.57857               0.11082 
             -0.13145              -0.49370               0.20058 
             -0.36043              -0.11932               0.26837 
             -0.08761              -0.23670               0.10376 
              0.14829              -0.22663              -0.02395 
              0.13073              -0.10201               0.08456 
              0.05917              -0.05883               0.11615 
              0.13716              -0.17846               0.26824 
              0.10615              -0.43074               0.43523 
             -0.03012              -0.27303              -0.14110 
             -0.10304              -0.20725              -0.21902 
             -0.18608              -0.25897               0.00045 
             -0.08385              -0.33638              -0.11136 
             -0.13542              -0.49305               0.05118 
             -0.09618              -0.59237               0.16432 
             -0.00274              -0.41728              -0.15021 
              0.02797              -0.46213              -0.09036 
              0.03206              -0.56309               0.09489 
              0.14228              -0.36583              -0.04532 
              0.18164              -0.23687               0.09184 
             -0.00801              -0.09942               0.18147 
             -0.14492              -0.01875               0.07807 
             -0.06674               0.01711              -0.23272 
             -0.04003              -0.01376              -0.28958 
              0.03437               0.01622               0.01198 
             -0.02012              -0.19998               0.40084 
              0.17058              -0.18989               0.13921 
              0.07779              -0.09867              -0.15252 
             -0.16493              -0.07643               0.00921 
             -0.08528               0.05183              -0.26314 
             -0.03560               0.02008              -0.37091 
             -0.11393              -0.10757              -0.21710 
             -0.25067              -0.16843              -0.11258 
             -0.15650              -0.20124              -0.16702 
             -0.00600              -0.17231              -0.21472 
              0.08055              -0.20734               0.05133 
              0.17129              -0.29390              -0.06226 
              0.20958              -0.38508              -0.14494 
              0.21778              -0.47299              -0.02640 
              0.12723              -0.48871              -0.13269 
              0.07041              -0.45202              -0.20271 
              0.06514              -0.41528              -0.02789 
              0.11483              -0.48551               0.25801 
              0.01213              -0.34666               0.29953 
             -0.06659              -0.08332              -0.07983 
             -0.02850               0.07923              -0.19128 
             -0.06501               0.20463              -0.14627 
              0.00567               0.24507              -0.21969 
              0.04605               0.25017              -0.31896 
              0.03539               0.29739              -0.37895 
             -0.07904               0.20739              -0.47023 
             -0.30647               0.08758              -0.13250 
             -0.24378              -0.00968               0.23686 
              0.06278              -0.10860               0.16371 
              0.21598              -0.15191               0.04744 
