           -514.29062               1.05121            -513.23942              84.71301 
           -513.79866               0.76050            -513.03815              61.28615 
           -514.28868               1.55456            -512.73412             125.27643 
           -514.09050               1.74408            -512.34642             140.54935 
           -513.84886               1.91495            -511.93390             154.31931 
           -513.40555               1.88861            -511.51694             152.19669 
           -512.96936               1.89508            -511.07428             152.71753 
           -513.06201               2.46087            -510.60114             198.31243 
           -513.30006               3.17121            -510.12885             255.55648 
           -513.91439               4.19066            -509.72373             337.71073 
           -514.21503               4.82077            -509.39425             388.48878 
           -514.38880               5.26277            -509.12603             424.10773 
           -514.84030               5.91340            -508.92690             476.54002 
           -514.70700               5.90116            -508.80585             475.55311 
           -514.40132               5.61564            -508.78568             452.54438 
           -514.34157               5.46058            -508.88098             440.04904 
           -514.09152               4.99877            -509.09274             402.83317 
           -513.80342               4.39926            -509.40417             354.52042 
           -513.61217               3.83524            -509.77692             309.06850 
           -513.46414               3.27331            -510.19083             263.78442 
           -513.37102               2.71160            -510.65942             218.51831 
           -513.25775               2.06510            -511.19265             166.41874 
           -513.39436               1.65305            -511.74131             133.21328 
           -513.60787               1.39588            -512.21199             112.48931 
           -513.82746               1.24706            -512.58039             100.49643 
           -514.23089               1.35455            -512.87634             109.15812 
           -514.66587               1.55237            -513.11349             125.10018 
           -515.00951               1.72445            -513.28507             138.96697 
           -514.88936               1.51171            -513.37765             121.82364 
           -514.57297               1.19361            -513.37936              96.18864 
           -514.52249               1.25577            -513.26672             101.19788 
           -514.50650               1.48023            -513.02627             119.28665 
           -514.23341               1.55277            -512.68064             125.13204 
           -513.86235               1.60217            -512.26018             129.11356 
           -513.48787               1.72176            -511.76611             138.75051 
           -513.42116               2.20264            -511.21851             177.50299 
           -513.52065               2.84448            -510.67617             229.22633 
           -513.40514               3.21001            -510.19513             258.68344 
           -513.61626               3.81637            -509.79989             307.54797 
           -514.20551               4.73253            -509.47297             381.37788 
           -514.39376               5.19499            -509.19877             418.64612 
           -514.55459               5.55629            -508.99830             447.76176 
           -515.10913               6.22296            -508.88617             501.48624 
           -515.40111               6.54734            -508.85377             527.62695 
           -515.13585               6.24602            -508.88983             503.34453 
           -514.79708               5.79420            -509.00288             466.93401 
           -514.36793               5.15991            -509.20802             415.81892 
           -514.18701               4.67283            -509.51418             376.56686 
           -513.95578               4.03106            -509.92472             324.84855 
           -513.73596               3.29459            -510.44137             265.49927 
           -513.77672               2.78195            -510.99477             224.18716 
           -513.93903               2.42836            -511.51067             195.69271 
           -514.47280               2.49954            -511.97326             201.42900 
           -514.58535               2.20127            -512.38408             177.39290 
           -514.49457               1.75378            -512.74079             141.33098 
           -514.79025               1.78213            -513.00812             143.61579 
           -515.05094               1.89185            -513.15910             152.45717 
           -515.00553               1.81157            -513.19396             145.98758 
           -515.03314               1.89752            -513.13562             152.91399 
           -515.05524               2.05485            -513.00040             165.59275 
           -514.98382               2.19398            -512.78984             176.80476 
           -514.87648               2.36567            -512.51081             190.64094 
           -514.44844               2.28946            -512.15898             184.49964 
           -514.27942               2.54603            -511.73340             205.17532 
           -514.16970               2.91174            -511.25796             234.64676 
           -514.02789               3.25823            -510.76966             262.56941 
           -514.42425               4.11979            -510.30446             331.99959 
           -514.45197               4.60895            -509.84303             371.41857 
           -514.67617               5.26651            -509.40967             424.40900 
           -515.28384               6.22265            -509.06119             501.46107 
           -515.68310               6.85317            -508.82993             552.27220 
           -515.85055               7.12129            -508.72926             573.87980 
           -515.79286               7.04568            -508.74718             567.78626 
           -515.57594               6.70194            -508.87401             540.08537 
           -515.29253               6.19633            -509.09620             499.34014 
           -515.05728               5.66518            -509.39211             456.53632 
           -514.72991               4.98376            -509.74615             401.62350 
           -514.32417               4.17973            -510.14444             336.82937 
           -514.20251               3.63165            -510.57086             292.66170 
           -514.33739               3.33425            -511.00314             268.69495 
           -514.58350               3.14927            -511.43423             253.78841 
           -514.89356               2.99934            -511.89422             241.70597 
           -515.11892               2.74037            -512.37855             220.83655 
           -515.43805               2.61371            -512.82435             210.62922 
           -515.82708               2.64694            -513.18013             213.30771 
           -515.95850               2.54490            -513.41360             205.08434 
           -515.98845               2.47777            -513.51068             199.67470 
           -516.18768               2.71367            -513.47401             218.68507 
           -516.16803               2.86426            -513.30377             230.82071 
           -515.94840               2.92497            -513.02343             235.71280 
           -515.55222               2.88262            -512.66961             232.29973 
           -515.14104               2.88218            -512.25887             232.26425 
           -514.98696               3.17601            -511.81095             255.94347 
           -515.00413               3.64316            -511.36097             293.58961 
           -514.84180               3.92837            -510.91343             316.57343 
           -514.78081               4.32837            -510.45244             348.80758 
           -515.15174               5.16300            -509.98874             416.06754 
           -515.61178               6.03852            -509.57326             486.62290 
           -515.91128               6.66037            -509.25091             536.73518 
           -516.10284               7.08514            -509.01771             570.96592 
           -516.36504               7.50986            -508.85518             605.19294 
           -516.63015               7.86056            -508.76959             633.45462 
           -516.81741               8.03425            -508.78315             647.45201 
           -516.62795               7.72510            -508.90285             622.53831 
           -516.34377               7.20672            -509.13704             580.76419 
           -516.12923               6.64141            -509.48782             535.20797 
           -515.74262               5.80692            -509.93569             467.95932 
           -515.40766               4.97701            -510.43065             401.07930 
           -515.20718               4.28564            -510.92154             345.36428 
           -515.51302               4.10387            -511.40915             330.71632 
           -515.91136               4.03356            -511.87780             325.05027 
           -516.21990               3.93160            -512.28830             316.83339 
           -516.52392               3.91149            -512.61244             315.21267 
           -516.67302               3.81761            -512.85541             307.64784 
           -517.05635               4.01296            -513.04339             323.39010 
           -516.99027               3.82975            -513.16052             308.62622 
           -516.69924               3.51754            -513.18171             283.46570 
           -516.77330               3.67114            -513.10216             295.84374 
           -516.74001               3.81090            -512.92911             307.10719 
           -516.67051               4.00420            -512.66632             322.68404 
           -516.78516               4.47780            -512.30736             360.84991 
           -516.59206               4.73847            -511.85359             381.85633 
           -516.18140               4.84171            -511.33969             390.17588 
           -515.94213               5.13647            -510.80566             413.93002 
           -516.00387               5.73824            -510.26563             462.42433 
           -516.47121               6.70380            -509.76741             540.23555 
           -516.84464               7.45643            -509.38821             600.88735 
           -517.19044               8.05156            -509.13888             648.84695 
           -517.72079               8.73281            -508.98798             703.74646 
           -517.98256               9.08395            -508.89861             732.04306 
           -518.10962               9.24757            -508.86205             745.22861 
           -517.71506               8.82815            -508.88691             711.42945 
           -517.25485               8.26063            -508.99422             665.69497 
           -517.29218               8.08968            -509.20250             651.91818 
           -517.13604               7.61038            -509.52566             613.29345 
           -516.72282               6.76409            -509.95874             545.09367 
           -516.51304               6.06613            -510.44691             488.84818 
           -516.71884               5.77548            -510.94336             465.42526 
           -517.01825               5.57326            -511.44498             449.12949 
           -517.00454               5.06142            -511.94312             407.88222 
           -517.07733               4.67589            -512.40144             376.81335 
           -517.42080               4.63977            -512.78103             373.90246 
           -518.13254               5.05886            -513.07368             407.67571 
           -518.48386               5.21552            -513.26833             420.30052 
           -518.43425               5.07976            -513.35449             409.35968 
           -518.66609               5.32053            -513.34556             428.76287 
           -518.52476               5.27519            -513.24957             425.10842 
           -518.51546               5.43498            -513.08048             437.98565 
           -518.19930               5.38717            -512.81213             434.13287 
           -517.49594               5.06706            -512.42888             408.33618 
           -517.52297               5.54209            -511.98087             446.61746 
           -517.60198               6.09028            -511.51170             490.79399 
           -517.49206               6.45887            -511.03318             520.49774 
           -517.62165               7.07703            -510.54461             570.31293 
           -517.95243               7.89090            -510.06153             635.89989 
           -518.04962               8.42515            -509.62447             678.95246 
           -518.12633               8.86109            -509.26524             714.08332 
           -518.58477               9.58849            -508.99629             772.70217 
           -519.10226              10.26590            -508.83637             827.29199 
           -519.38001              10.58174            -508.79827             852.74506 
           -519.52408              10.66025            -508.86383             859.07164 
           -519.59355              10.58693            -509.00662             853.16263 
           -519.37985              10.16015            -509.21970             818.77070 
           -519.07117               9.55640            -509.51476             770.11655 
           -518.74055               8.85855            -509.88200             713.87940 
           -518.40067               8.12473            -510.27594             654.74324 
           -518.58141               7.89182            -510.68959             635.97378 
           -518.94194               7.79261            -511.14933             627.97876 
           -519.46347               7.82102            -511.64245             630.26830 
           -520.07834               7.97099            -512.10735             642.35405 
           -520.82634               8.32003            -512.50632             670.48126 
           -521.77082               8.95125            -512.81957             721.34921 
           -522.46457               9.42091            -513.04366             759.19754 
           -523.41235              10.23500            -513.17735             824.80250 
           -524.86969              11.67134            -513.19835             940.55186 
           -526.57956              13.47647            -513.10309            1086.02104 
           -527.97859              15.06722            -512.91138            1214.21350 
           -528.37456              15.74172            -512.63285            1268.56880 
           -529.16785              16.87335            -512.29451            1359.76285 
           -531.53751              19.58232            -511.95519            1578.06951 
           -533.77617              22.15049            -511.62568            1785.02929 
           -537.57090              26.22884            -511.34205            2113.68907 
           -541.00556              29.95350            -511.05206            2413.84563 
           -543.47539              32.74520            -510.73019            2638.81923 
           -547.09033              36.58192            -510.50840            2948.00709 
           -546.88905              36.35564            -510.53341            2929.77130 
           -544.55470              33.75713            -510.79757            2720.36693 
           -546.58780              35.28889            -511.29891            2843.80639 
           -543.14187              31.28653            -511.85534            2521.27047 
           -543.32749              30.63476            -512.69273            2468.74592 
           -545.97872              32.03826            -513.94047            2581.84913 
           -541.47975              26.35422            -515.12552            2123.79304 
           -536.38830              20.81628            -515.57202            1677.50963 
           -534.31046              18.77958            -515.53088            1513.37941 
           -528.54233              13.24178            -515.30055            1067.10802 
           -533.70784              18.23501            -515.47282            1469.49463 
           -533.46962              17.60031            -515.86931            1418.34602 
           -527.81156              10.93732            -516.87424             881.39995 
           -526.52697               8.05419            -518.47277             649.05869 
           -532.24850              13.11785            -519.13066            1057.12045 
           -532.62204              13.72955            -518.89250            1106.41525 
           -533.56469              15.75784            -517.80684            1269.86843 
           -529.11004              13.13215            -515.97788            1058.27344 
           -537.26145              22.56393            -514.69752            1818.34696 
           -537.67112              24.05198            -513.61914            1938.26347 
           -544.60139              31.23006            -513.37133            2516.71905 
           -543.63848              30.09207            -513.54642            2425.01252 
           -546.79896              32.91358            -513.88539            2652.38801 
           -541.10001              27.32212            -513.77789            2201.79233 
           -549.62217              35.77282            -513.84934            2882.80445 
           -548.23043              34.53461            -513.69582            2783.02125 
           -545.25081              31.72478            -513.52603            2556.58695 
           -542.17780              28.91167            -513.26613            2329.88866 
           -540.12927              27.15521            -512.97406            2188.34194 
           -540.58990              27.85286            -512.73704            2244.56286 
           -536.87102              24.46688            -512.40413            1971.69914 
           -536.34972              24.27696            -512.07277            1956.39349 
           -535.85656              24.08651            -511.77005            1941.04641 
           -532.07604              20.48700            -511.58905            1650.97424 
           -528.43528              16.83111            -511.60417            1356.35916 
           -523.99082              12.27684            -511.71398             989.34717 
           -522.95536              11.09939            -511.85597             894.46037 
           -522.94494              11.11471            -511.83023             895.69528 
           -521.43258               9.83015            -511.60244             792.17654 
           -518.02765               6.76019            -511.26746             544.77948 
           -517.88164               6.96241            -510.91923             561.07546 
           -518.13806               7.65711            -510.48094             617.05943 
           -517.18835               7.15955            -510.02881             576.96244 
           -516.93213               7.17296            -509.75917             578.04348 
           -516.22697               6.57626            -509.65071             529.95740 
           -516.13715               6.54424            -509.59291             527.37728 
           -516.41283               6.92462            -509.48820             558.03060 
           -516.30635               7.00534            -509.30100             564.53571 
           -516.61573               7.54364            -509.07208             607.91513 
           -518.35667               9.49335            -508.86331             765.03568 
           -519.00186              10.36982            -508.63204             835.66701 
           -518.99701              10.67618            -508.32084             860.35508 
           -519.01731              11.19916            -507.81815             902.50006 
           -519.83089              12.74175            -507.08914            1026.81203 
           -523.38050              16.93653            -506.44397            1364.85476 
           -526.36795              20.20257            -506.16538            1628.05326 
           -525.39799              19.13555            -506.26244            1542.06569 
           -522.38176              15.61477            -506.76699            1258.33877 
           -522.78817              15.11899            -507.66918            1218.38537 
           -526.67808              18.22994            -508.44813            1469.08633 
           -526.09553              17.40661            -508.68892            1402.73705 
           -524.53153              16.04696            -508.48457            1293.16725 
           -523.99566              16.13931            -507.85635            1300.60953 
           -527.13441              19.63852            -507.49589            1582.59847 
           -525.62318              18.16034            -507.46284            1463.47705 
           -524.58728              16.92272            -507.66456            1363.74152 
           -521.43448              13.46064            -507.97384            1084.74510 
           -523.54162              14.97602            -508.56559            1206.86431 
           -520.97940              11.83292            -509.14648             953.57268 
           -521.70065              12.14348            -509.55717             978.59999 
           -523.78384              14.01912            -509.76472            1129.75076 
           -523.79171              13.90211            -509.88960            1120.32164 
           -521.99643              11.94953            -510.04690             962.96981 
           -526.18802              15.58136            -510.60666            1255.64642 
           -521.37078               9.64107            -511.72972             776.93923 
           -525.46423              12.05971            -513.40453             971.84883 
           -528.73893              14.43667            -514.30227            1163.39960 
           -529.81854              15.04886            -514.76968            1212.73435 
           -532.50585              17.36344            -515.14240            1399.25795 
           -532.79236              17.31153            -515.48083            1395.07455 
           -531.96286              16.13839            -515.82447            1300.53525 
           -533.69509              17.30654            -516.38855            1394.67249 
           -531.76682              14.57134            -517.19548            1174.25243 
           -532.26144              14.30655            -517.95489            1152.91395 
           -534.32607              15.90490            -518.42116            1281.71968 
           -534.98792              16.22764            -518.76028            1307.72758 
           -532.77779              13.65240            -519.12539            1100.19848 
           -530.85442              11.09972            -519.75470             894.48692 
           -532.69280              12.04053            -520.65227             970.30356 
           -536.57949              15.08649            -521.49300            1215.76691 
           -530.90808               8.90870            -521.99938             717.92005 
           -532.49413               9.70002            -522.79411             781.68980 
           -530.72474               6.55621            -524.16853             528.34128 
           -534.46934               8.84556            -525.62377             712.83257 
           -536.13005               9.85187            -526.27818             793.92717 
           -535.31294               8.72411            -526.58883             703.04512 
           -536.79530               9.84874            -526.94656             793.67460 
           -535.31873               7.97148            -527.34724             642.39345 
           -537.03507               9.39533            -527.63975             757.13582 
           -540.17085              12.46424            -527.70661            1004.44863 
           -541.64329              13.94108            -527.70221            1123.46175 
           -538.39849              10.75501            -527.64348             866.70836 
           -537.82823              10.21039            -527.61784             822.81910 
           -539.17568              11.64260            -527.53307             938.23580 
           -540.32541              12.99355            -527.33186            1047.10398 
           -540.45723              13.43175            -527.02547            1082.41733 
           -542.00013              15.20845            -526.79168            1225.59473 
           -537.24655              10.78233            -526.46422             868.90978 
           -541.12147              14.82650            -526.29497            1194.81486 
           -542.45419              16.34302            -526.11116            1317.02614 
           -538.11569              12.25187            -525.86382             987.33427 
           -539.45611              13.95157            -525.50454            1124.30755 
           -546.04460              20.84980            -525.19480            1680.21103 
           -542.76674              17.91163            -524.85511            1443.43481 
           -545.71707              21.02264            -524.69444            1694.13940 
           -548.01215              23.32946            -524.68268            1880.03846 
           -541.08781              16.37043            -524.71739            1319.23432 
           -543.27781              18.22151            -525.05630            1468.40655 
           -539.02737              13.59774            -525.42963            1095.79331 
           -538.34819              12.57811            -525.77008            1013.62523 
           -542.26761              16.20377            -526.06384            1305.80387 
           -538.20408              11.99921            -526.20486             966.97397 
           -541.03273              14.57160            -526.46113            1174.27368 
           -537.93928              11.37146            -526.56782             916.38565 
           -542.90059              16.02783            -526.87276            1291.62581 
           -541.85019              14.98632            -526.86387            1207.69410 
           -542.00002              15.78130            -526.21872            1271.75850 
           -537.39760              11.85828            -525.53933             955.61623 
           -540.24206              15.22413            -525.01793            1226.85818 
           -537.45608              13.75163            -523.70445            1108.19478 
           -538.14569              15.93302            -522.21268            1283.98520 
           -537.88995              16.35067            -521.53927            1317.64266 
           -537.23514              16.05682            -521.17832            1293.96208 
           -539.06816              18.36033            -520.70783            1479.59397 
           -534.86843              15.38307            -519.48537            1239.66648 
           -538.07573              19.67963            -518.39610            1585.91107 
           -534.66973              16.88087            -517.78887            1360.36887 
           -534.53630              16.98665            -517.54964            1368.89387 
           -530.12787              12.87706            -517.25081            1037.71651 
           -535.30455              18.31207            -516.99249            1475.70447 
           -537.89288              21.24577            -516.64710            1712.12137 
           -533.39872              17.14015            -516.25857            1381.26333 
           -533.46261              17.65194            -515.81066            1422.50738 
           -531.32910              16.46829            -514.86081            1327.12074 
           -529.55544              15.83497            -513.72047            1276.08386 
           -530.82144              17.80293            -513.01851            1434.67462 
           -529.43818              16.89087            -512.54731            1361.17483 
           -528.84321              16.80086            -512.04235            1353.92182 
           -527.16756              15.73053            -511.43703            1267.66771 
           -523.92300              12.99187            -510.93113            1046.96824 
           -525.37022              14.69710            -510.67313            1184.38696 
           -526.05776              15.51382            -510.54394            1250.20374 
           -524.07526              13.66779            -510.40747            1101.43835 
           -522.08106              12.02237            -510.05869             968.84021 
           -523.08771              13.37427            -509.71344            1077.78505 
           -519.58502              10.18993            -509.39509             821.17043 
           -517.51140               8.38281            -509.12860             675.54048 
           -520.31417              11.44296            -508.87121             922.14721 
           -517.92029               9.50167            -508.41863             765.70539 
           -517.70909               9.71331            -507.99578             782.76130 
           -518.91295              11.22789            -507.68507             904.81548 
           -520.34553              12.95932            -507.38621            1044.34552 
           -517.35681              10.53307            -506.82374             848.82243 
           -516.41800              10.42910            -505.98890             840.44410 
           -515.01081              10.04218            -504.96863             809.26375 
           -514.17710              10.00676            -504.17034             806.40905 
           -515.40159              11.96603            -503.43556             964.29987 
           -511.60634               9.35068            -502.25566             753.53784 
           -512.50043              11.59559            -500.90484             934.44719 
           -513.57086              13.73598            -499.83488            1106.93396 
           -512.95142              14.07341            -498.87801            1134.12564 
           -513.02418              14.98335            -498.04083            1207.45485 
           -510.18879              12.78238            -497.40641            1030.08646 
           -507.12019              10.19989            -496.92030             821.97261 
           -507.37090              10.82117            -496.54973             872.03938 
           -506.60653              10.56630            -496.04023             851.50066 
           -506.22948              11.03982            -495.18966             889.65967 
           -505.59649              11.45279            -494.14370             922.93984 
           -507.91872              14.45950            -493.45922            1165.24005 
           -504.59951              11.79026            -492.80926             950.13474 
           -506.33737              14.34168            -491.99569            1155.74498 
           -503.06968              12.69617            -490.37351            1023.13907 
           -506.14294              17.15312            -488.98981            1382.30909 
           -504.64364              16.51477            -488.12887            1330.86637 
           -506.85196              19.51076            -487.34120            1572.30272 
           -508.71174              22.19616            -486.51558            1788.70971 
           -505.94047              19.88290            -486.05757            1602.29191 
           -505.24200              19.23212            -486.00988            1549.84796 
           -502.57257              16.53925            -486.03332            1332.83890 
           -504.65224              18.49670            -486.15554            1490.58283 
           -504.74077              18.53117            -486.20960            1493.36068 
           -505.00586              18.81159            -486.19428            1515.95873 
           -504.20048              18.14505            -486.05544            1462.24476 
           -504.25969              18.44192            -485.81778            1486.16834 
           -504.91558              19.42803            -485.48755            1565.63544 
           -507.11142              22.02341            -485.08801            1774.78817 
           -510.22686              25.60903            -484.61783            2063.74019 
           -510.03976              25.93653            -484.10324            2090.13242 
           -509.75223              26.04375            -483.70848            2098.77336 
           -509.88883              26.44394            -483.44489            2131.02293 
           -507.49357              24.32326            -483.17031            1960.12501 
           -508.90068              25.82651            -483.07417            2081.26631 
           -512.20999              29.01516            -483.19483            2338.22835 
           -511.65267              28.21914            -483.43353            2274.08018 
           -509.69542              25.84938            -483.84604            2083.10916 
           -509.79040              25.53944            -484.25096            2058.13284 
           -507.94219              23.40758            -484.53462            1886.33346 
           -506.89270              22.13307            -484.75962            1783.62547 
           -508.37479              23.71149            -484.66330            1910.82421 
           -510.56699              26.30463            -484.26235            2119.79690 
           -508.39607              24.56594            -483.83012            1979.68183 
           -508.14220              24.76315            -483.37905            1995.57441 
           -511.48725              28.57753            -482.90972            2302.96183 
           -513.13225              30.56355            -482.56870            2463.00741 
           -510.66649              28.29916            -482.36733            2280.52869 
           -512.96590              30.60017            -482.36573            2465.95884 
           -515.29679              32.84539            -482.45140            2646.89324 
           -516.82215              34.19842            -482.62373            2755.92883 
           -518.71648              35.83929            -482.87719            2888.16109 
           -521.12343              37.98530            -483.13814            3061.10007 
           -518.59423              35.27886            -483.31537            2842.99757 
           -519.09142              35.70794            -483.38348            2877.57594 
           -523.20150              39.71446            -483.48703            3200.44724 
           -520.84674              37.36407            -483.48267            3011.03752 
           -522.02609              38.67961            -483.34649            3117.05185 
           -518.26873              35.52586            -482.74288            2862.90259 
           -522.51717              40.20350            -482.31367            3239.85727 
           -515.69930              33.63057            -482.06873            2710.16773 
           -523.50198              41.26348            -482.23850            3325.27702 
           -527.97733              45.75690            -482.22043            3687.38573 
           -521.49061              39.33992            -482.15069            3170.26406 
           -511.92993              30.12582            -481.80411            2427.73297 
           -516.51489              35.14992            -481.36498            2832.60679 
           -516.48007              35.70205            -480.77802            2877.10153 
           -513.31298              32.97406            -480.33892            2657.26234 
           -514.07044              34.04283            -480.02761            2743.39026 
           -513.50184              33.94776            -479.55407            2735.72955 
           -510.26880              31.41436            -478.85444            2531.57185 
           -513.04725              34.88114            -478.16611            2810.94693 
           -512.64602              35.36372            -477.28230            2849.83650 
           -512.54753              36.72934            -475.81818            2959.88713 
           -514.23352              40.17772            -474.05580            3237.77967 
           -517.30555              44.29411            -473.01144            3569.50471 
           -510.12204              37.93493            -472.18711            3057.04126 
           -511.89410              40.43202            -471.46208            3258.27279 
           -517.19049              46.85373            -470.33675            3775.77575 
           -515.24207              45.56051            -469.68156            3671.55918 
           -511.07172              41.67397            -469.39775            3358.35659 
           -514.03621              44.80548            -469.23073            3610.71405 
           -509.13485              40.17281            -468.96205            3237.38346 
           -507.01251              38.27438            -468.73813            3084.39594 
           -507.16346              38.46606            -468.69740            3099.84259 
           -507.26248              38.54885            -468.71364            3106.51437 
           -507.31854              38.72725            -468.59129            3120.89121 
           -504.05031              35.73434            -468.31597            2879.70298 
           -501.56127              33.73231            -467.82895            2718.36716 
           -501.24145              34.22221            -467.01924            2757.84598 
           -503.07213              36.77042            -466.30171            2963.19724 
           -501.02449              35.10795            -465.91654            2829.22472 
           -499.22560              33.51644            -465.70916            2700.97093 
           -500.27079              34.75171            -465.51908            2800.51637 
           -495.66525              30.52402            -465.14123            2459.82214 
           -495.98834              31.10939            -464.87895            2506.99478 
           -495.07971              30.47497            -464.60474            2455.86919 
           -493.78024              29.54618            -464.23406            2381.02127 
           -492.21732              28.45104            -463.76628            2292.76778 
           -492.91355              29.43986            -463.47369            2372.45339 
           -494.36950              30.98155            -463.38795            2496.69297 
           -491.33501              27.98011            -463.35489            2254.81779 
           -487.23382              23.93822            -463.29559            1929.09632 
           -488.37041              25.15260            -463.21781            2026.95879 
           -488.64171              25.54991            -463.09180            2058.97613 
           -486.76723              23.76163            -463.00560            1914.86507 
           -486.31499              23.32441            -462.99058            1879.63137 
           -487.35065              24.38612            -462.96453            1965.19023 
           -489.60000              26.66820            -462.93180            2149.09498 
           -487.21647              24.41208            -462.80438            1967.28292 
           -489.02525              26.33926            -462.68599            2122.58754 
           -492.15060              29.51354            -462.63706            2378.39114 
           -488.41000              25.60398            -462.80602            2063.33362 
           -486.10477              23.01416            -463.09061            1854.62929 
           -487.66582              24.51437            -463.15145            1975.52545 
           -491.05009              28.00322            -463.04687            2256.67989 
           -489.89190              27.26221            -462.62969            2196.96458 
           -491.60396              29.34830            -462.25566            2365.07520 
           -495.84809              33.83325            -462.01483            2726.50155 
           -491.23332              29.62137            -461.61195            2387.08093 
           -485.60162              24.23509            -461.36653            1953.02003 
           -491.05830              29.75846            -461.29984            2398.12878 
           -494.83028              33.63407            -461.19622            2710.44974 
           -497.00245              35.93688            -461.06557            2896.02530 
           -495.43801              34.77971            -460.65831            2802.77266 
           -497.23252              36.94428            -460.28824            2977.20827 
           -500.37647              40.37233            -460.00414            3253.46219 
           -501.61465              41.93420            -459.68044            3379.32801 
           -505.39525              45.96269            -459.43256            3703.96934 
           -508.00275              48.84307            -459.15969            3936.08907 
           -510.45615              51.41020            -459.04594            4142.96518 
           -504.83658              45.84170            -458.99488            3694.21910 
           -501.23971              42.19932            -459.04039            3400.69266 
           -502.75582              43.17369            -459.58213            3479.21431 
           -513.06547              52.95409            -460.11137            4267.38190 
           -517.56258              57.06399            -460.49859            4598.58420 
           -509.93964              48.97231            -460.96733            3946.50386 
           -510.95769              49.48546            -461.47224            3987.85693 
           -512.04974              50.09172            -461.95802            4036.71331 
           -507.27411              44.85350            -462.42061            3614.58416 
           -514.89277              51.74597            -463.14680            4170.02344 
           -517.72346              53.97800            -463.74546            4349.89512 
           -508.62382              44.49685            -464.12698            3585.84248 
           -510.89060              46.83420            -464.05641            3774.20123 
           -506.82086              43.14018            -463.68067            3476.51383 
           -515.93905              52.34795            -463.59110            4218.53500 
           -514.04599              50.86965            -463.17634            4099.40376 
           -513.96004              50.96993            -462.99011            4107.48525 
           -506.09404              43.20224            -462.89181            3481.51460 
           -511.88499              48.54822            -463.33677            3912.32853 
           -512.22847              48.91436            -463.31412            3941.83379 
           -507.37869              44.56357            -462.81511            3591.21981 
           -514.27819              51.69093            -462.58726            4165.58811 
           -502.70077              40.70045            -462.00031            3279.90480 
           -513.55625              51.84502            -461.71123            4178.00601 
           -517.51503              56.40684            -461.10820            4545.62622 
           -514.75456              54.19937            -460.55519            4367.73449 
           -501.70708              41.71487            -459.99220            3361.65314 
           -513.53995              53.53870            -460.00125            4314.49324 
           -514.69568              54.89119            -459.80449            4423.48546 
           -520.36134              60.69827            -459.66307            4891.45733 
           -512.49995              53.00034            -459.49961            4271.10841 
           -499.65752              40.38017            -459.27736            3254.09387 
           -507.88159              48.66476            -459.21683            3921.72012 
           -514.83844              55.67111            -459.16733            4486.33690 
           -504.95011              46.00740            -458.94272            3707.57245 
           -508.59419              49.40273            -459.19146            3981.19028 
           -506.92030              47.55254            -459.36776            3832.09012 
           -504.28489              44.66354            -459.62135            3599.27554 
           -499.24390              39.25107            -459.99282            3163.10443 
           -500.20747              39.72111            -460.48636            3200.98317 
           -498.98100              38.31789            -460.66311            3087.90263 
           -502.67669              42.08690            -460.58979            3391.63330 
           -499.94956              39.79468            -460.15489            3206.91133 
           -490.41572              31.00378            -459.41194            2498.48458 
           -493.49160              34.86105            -458.63055            2809.32765 
           -493.31685              35.45693            -457.85992            2857.34782 
           -493.81321              36.47040            -457.34281            2939.02000 
           -494.28881              37.17025            -457.11856            2995.41793 
           -487.85996              30.83025            -457.02971            2484.50037 
           -487.01267              29.97964            -457.03303            2415.95255 
           -489.18887              32.06976            -457.11911            2584.38791 
           -489.30187              31.88590            -457.41597            2569.57144 
           -488.85471              31.20455            -457.65017            2514.66337 
           -491.25146              33.53496            -457.71651            2702.46303 
           -484.41846              26.89962            -457.51884            2167.74452 
           -487.20808              29.84227            -457.36581            2404.88217 
           -487.53800              30.48453            -457.05347            2456.64006 
           -483.38841              26.89577            -456.49264            2167.43453 
           -486.08126              29.87512            -456.20614            2407.52926 
           -489.00704              32.89511            -456.11193            2650.89960 
           -487.11489              31.05667            -456.05822            2502.74669 
           -485.72684              29.61256            -456.11428            2386.37053 
           -486.90012              30.55907            -456.34105            2462.64697 
           -488.33719              31.72948            -456.60772            2556.96564 
           -485.90007              29.26301            -456.63706            2358.20170 
           -485.67679              29.09922            -456.57758            2345.00242 
           -486.89441              30.45966            -456.43475            2454.63573 
           -486.90124              30.61961            -456.28163            2467.52517 
           -489.17905              32.88500            -456.29405            2650.08510 
           -484.11806              28.06496            -456.05310            2261.65512 
           -487.46934              31.50898            -455.96037            2539.19620 
           -491.12400              35.20232            -455.92168            2836.82939 
           -491.77242              35.84718            -455.92524            2888.79635 
           -488.36168              32.67365            -455.68803            2633.05309 
           -487.93695              32.54261            -455.39435            2622.49282 
           -489.86614              34.56112            -455.30502            2785.15793 
           -490.25028              35.19121            -455.05906            2835.93472 
           -495.28867              40.56942            -454.71925            3269.34557 
           -487.79905              33.46997            -454.32908            2697.22604 
           -489.22623              35.07241            -454.15382            2826.36037 
           -491.65114              37.69445            -453.95669            3037.66167 
           -486.67808              33.08994            -453.58814            2666.60051 
           -491.62005              38.22912            -453.39093            3080.74856 
           -486.96979              33.83534            -453.13445            2726.66976 
           -491.19359              38.38055            -452.81304            3092.95182 
           -492.53284              40.07951            -452.45333            3229.86509 
           -485.14929              33.18261            -451.96669            2674.06808 
           -489.09480              37.30562            -451.78918            3006.32752 
           -488.65233              37.27106            -451.38128            3003.54198 
           -491.08810              40.36449            -450.72360            3252.83093 
           -490.23717              40.49051            -449.74666            3262.98619 
           -494.07380              45.08610            -448.98770            3633.32841 
           -492.02857              43.53154            -448.49703            3508.05186 
           -489.78954              41.41589            -448.37365            3337.55944 
           -488.30799              39.79905            -448.50894            3207.26358 
           -493.29449              44.37064            -448.92385            3575.67227 
           -495.49751              46.30333            -449.19418            3731.42069 
           -493.47153              44.12283            -449.34870            3555.70195 
           -497.66470              48.07444            -449.59026            3874.14817 
           -499.47452              49.67609            -449.79842            4003.21960 
           -489.59799              39.81464            -449.78335            3208.52015 
           -492.72028              42.97223            -449.74805            3462.97927 
           -500.41975              50.47994            -449.93982            4067.99852 
           -500.21304              49.80976            -450.40328            4013.99133 
           -496.14554              45.20149            -450.94405            3642.62717 
           -496.97894              45.47299            -451.50595            3664.50609 
           -491.20701              39.26835            -451.93865            3164.49687 
           -495.52669              42.98573            -452.54096            3464.06668 
           -491.59939              38.79431            -452.80508            3126.29536 
           -489.46178              36.47823            -452.98354            2939.65104 
           -493.69492              40.72729            -452.96764            3282.06697 
           -492.45035              39.52795            -452.92239            3185.41717 
           -494.10354              41.06381            -453.03973            3309.18592 
           -493.83902              40.93450            -452.90452            3298.76546 
           -496.52407              43.56786            -452.95620            3510.97900 
           -494.14985              41.02692            -453.12293            3306.21387 
           -498.39852              44.92961            -453.46890            3620.71766 
