           -503.69483               0.88747            -502.80736              71.51798 
           -503.27497               0.63608            -502.63888              51.25966 
           -503.87693               1.49093            -502.38600             120.14898 
           -503.92142               1.84972            -502.07171             149.06211 
           -503.98242               2.23347            -501.74895             179.98767 
           -503.91765               2.47930            -501.43834             199.79829 
           -503.35820               2.20624            -501.15196             177.79273 
           -503.07834               2.17517            -500.90317             175.28946 
           -503.23287               2.56873            -500.66415             207.00451 
           -503.67961               3.25807            -500.42154             262.55630 
           -503.98971               3.81188            -500.17783             307.18604 
           -504.08296               4.14441            -499.93855             333.98331 
           -504.38762               4.65678            -499.73084             375.27335 
           -504.52632               4.94204            -499.58429             398.26122 
           -504.23953               4.70212            -499.53742             378.92688 
           -504.05155               4.43446            -499.61709             357.35753 
           -503.79021               3.97860            -499.81161             320.62112 
           -503.49955               3.40883            -500.09072             274.70516 
           -503.63580               3.22153            -500.41427             259.61156 
           -503.69215               2.93568            -500.75647             236.57621 
           -503.65290               2.53451            -501.11839             204.24700 
           -503.76797               2.28872            -501.47925             184.43961 
           -503.71432               1.92488            -501.78944             155.11901 
           -503.91765               1.88396            -502.03369             151.82123 
           -504.09189               1.86960            -502.22229             150.66441 
           -504.15771               1.77192            -502.38579             142.79313 
           -504.53420               1.98253            -502.55167             159.76522 
           -504.53662               1.82160            -502.71502             146.79621 
           -504.49342               1.63507            -502.85836             131.76422 
           -504.56104               1.62803            -502.93301             131.19686 
           -504.44122               1.55029            -502.89093             124.93274 
           -504.55707               1.82772            -502.72935             147.28950 
           -504.43986               1.97937            -502.46049             159.51052 
           -504.16649               2.05727            -502.10922             165.78822 
           -504.09343               2.38984            -501.70359             192.58890 
           -504.09968               2.82601            -501.27367             227.73818 
           -504.08599               3.21325            -500.87274             258.94450 
           -504.03383               3.49118            -500.54265             281.34182 
           -504.26162               3.97287            -500.28875             320.15946 
           -504.47353               4.37139            -500.10214             352.27444 
           -504.48268               4.50522            -499.97746             363.05951 
           -504.66457               4.76553            -499.89904             384.03697 
           -505.23081               5.39006            -499.84075             434.36582 
           -505.65558               5.87681            -499.77877             473.59132 
           -505.50648               5.78481            -499.72167             466.17724 
           -505.05689               5.34420            -499.71269             430.67003 
           -504.81060               5.01201            -499.79859             403.90008 
           -504.66636               4.64873            -500.01763             374.62458 
           -504.45640               4.06719            -500.38921             327.76031 
           -504.77271               3.90766            -500.86505             314.90416 
           -504.87116               3.54806            -501.32310             285.92556 
           -504.92748               3.21102            -501.71646             258.76448 
           -505.49368               3.45014            -502.04353             278.03478 
           -505.51857               3.22993            -502.28864             260.28818 
           -505.30159               2.84610            -502.45548             229.35714 
           -505.32564               2.77384            -502.55180             223.53379 
           -505.37513               2.78507            -502.59006             224.43912 
           -505.50150               2.91739            -502.58411             235.10178 
           -505.69949               3.15489            -502.54460             254.24121 
           -505.87785               3.39232            -502.48553             273.37474 
           -505.91297               3.51167            -502.40130             282.99327 
           -505.81345               3.54678            -502.26666             285.82263 
           -505.77946               3.71791            -502.06155             299.61335 
           -505.70567               3.93553            -501.77013             317.15069 
           -505.59319               4.18813            -501.40506             337.50630 
           -505.44714               4.44128            -501.00586             357.90729 
           -505.64827               5.04383            -500.60445             406.46408 
           -505.84712               5.63473            -500.21238             454.08321 
           -506.18429               6.30953            -499.87476             508.46289 
           -506.79121               7.12376            -499.66744             574.07878 
           -506.77134               7.17571            -499.59563             578.26494 
           -506.88920               7.25033            -499.63886             584.27868 
           -506.86324               7.11370            -499.74954             573.26770 
           -506.43728               6.55552            -499.88176             528.28615 
           -506.77063               6.73818            -500.03244             543.00605 
           -506.80798               6.61272            -500.19526             532.89567 
           -506.29148               5.90595            -500.38552             475.93963 
           -506.29072               5.66683            -500.62389             456.66990 
           -506.38828               5.49192            -500.89636             442.57418 
           -506.52356               5.32800            -501.19556             429.36427 
           -506.79515               5.26760            -501.52755             424.49741 
           -506.97022               5.07390            -501.89632             408.88793 
           -507.34338               5.05707            -502.28630             407.53162 
           -507.58619               4.94587            -502.64032             398.57009 
           -507.64913               4.74533            -502.90380             382.40939 
           -507.69242               4.65523            -503.03720             375.14807 
           -507.77685               4.73681            -503.04004             381.72234 
           -507.84383               4.91923            -502.92460             396.42303 
           -507.93791               5.22224            -502.71566             420.84212 
           -508.14632               5.68607            -502.46025             458.22042 
           -507.94377               5.76095            -502.18283             464.25406 
           -507.81773               5.91010            -501.90763             476.27362 
           -507.90845               6.25303            -501.65542             503.90975 
           -507.65898               6.24145            -501.41753             502.97620 
           -507.72482               6.55561            -501.16921             528.29310 
           -507.87066               7.00639            -500.86427             564.62001 
           -507.96648               7.45903            -500.50745             601.09698 
           -508.10457               7.95647            -500.14810             641.18381 
           -508.56663               8.73214            -499.83449             703.69179 
           -509.29530               9.69602            -499.59928             781.36812 
           -509.37198               9.91530            -499.45668             799.03902 
           -509.35227               9.91385            -499.43843             798.92151 
           -509.58486              10.03044            -499.55442             808.31721 
           -509.27366               9.50968            -499.76397             766.35155 
           -509.06600               9.02000            -500.04600             726.88999 
           -509.08684               8.71309            -500.37375             702.15657 
           -509.12130               8.41703            -500.70428             678.29837 
           -509.14248               8.13129            -501.01119             655.27168 
           -509.33300               8.03996            -501.29305             647.91158 
           -509.64023               8.08438            -501.55585             651.49116 
           -509.76036               7.94431            -501.81605             640.20362 
           -509.98413               7.91022            -502.07391             637.45630 
           -509.97320               7.67627            -502.29693             618.60318 
           -510.18223               7.69176            -502.49047             619.85139 
           -510.47879               7.82134            -502.65745             630.29403 
           -510.47614               7.70310            -502.77304             620.76553 
           -510.66184               7.85540            -502.80644             633.03841 
           -510.62905               7.90685            -502.72220             637.18478 
           -510.61993               8.09393            -502.52600             652.26132 
           -511.01864               8.77093            -502.24771             706.81819 
           -510.92816               9.02891            -501.89926             727.60752 
           -510.94421               9.42105            -501.52316             759.20878 
           -511.08085               9.91864            -501.16222             799.30755 
           -510.79612               9.96875            -500.82737             803.34611 
           -510.96718              10.42108            -500.54610             839.79739 
           -511.22348              10.90454            -500.31894             878.75786 
           -511.62648              11.48870            -500.13778             925.83331 
           -512.12389              12.14417            -499.97971             978.65551 
           -512.48201              12.65102            -499.83099            1019.50037 
           -512.67079              12.96268            -499.70811            1044.61587 
           -512.88116              13.23889            -499.64226            1066.87532 
           -513.11039              13.45030            -499.66009            1083.91197 
           -513.21513              13.44375            -499.77138            1083.38381 
           -513.46495              13.49468            -499.97027            1087.48811 
           -513.79862              13.55853            -500.24009            1092.63361 
           -514.32376              13.75430            -500.56946            1108.41009 
           -515.34882              14.41146            -500.93736            1161.36800 
           -516.52408              15.21153            -501.31255            1225.84269 
           -518.29084              16.59991            -501.69092            1337.72788 
           -520.52430              18.47460            -502.04970            1488.80239 
           -521.54747              19.20951            -502.33796            1548.02570 
           -520.99061              18.46517            -502.52544            1488.04205 
           -521.51022              18.88227            -502.62795            1521.65509 
           -522.87906              20.20711            -502.67195            1628.41898 
           -523.82248              21.13212            -502.69036            1702.96232 
           -524.34123              21.60027            -502.74096            1740.68888 
           -521.97719              19.17764            -502.79955            1545.45755 
           -521.55171              18.70956            -502.84215            1507.73674 
           -519.66917              17.00066            -502.66851            1370.02305 
           -516.20277              13.90563            -502.29715            1120.60517 
           -513.87364              12.08462            -501.78902             973.85667 
           -512.47291              11.32938            -501.14353             912.99438 
           -508.22792               7.94394            -500.28398             640.17379 
           -504.77942               5.54983            -499.22959             447.24143 
           -503.77819               5.88475            -497.89343             474.23126 
           -505.22466               8.35653            -496.86813             673.42281 
           -504.84485               8.49628            -496.34857             684.68474 
           -505.85530               9.82805            -496.02725             792.00753 
           -509.63862              14.00123            -495.63739            1128.30944 
           -512.67459              17.56951            -495.10508            1415.86407 
           -517.50820              22.63389            -494.87431            1823.98450 
           -522.10207              27.00959            -495.09248            2176.60707 
           -524.07646              28.29290            -495.78357            2280.02379 
           -529.50529              32.74251            -496.76278            2638.60269 
           -531.62667              34.09046            -497.53621            2747.22851 
           -530.02655              31.66032            -498.36623            2551.39269 
           -521.33831              21.95686            -499.38145            1769.42511 
           -524.59947              24.00175            -500.59772            1934.21565 
           -521.46983              20.20700            -501.26283            1628.41054 
           -517.76432              16.10884            -501.65547            1298.15430 
           -522.55134              20.40059            -502.15075            1644.01099 
           -522.07843              19.29397            -502.78446            1554.83204 
           -522.44876              18.79531            -503.65346            1514.64710 
           -520.01418              15.71920            -504.29498            1266.75428 
           -514.84437              10.24508            -504.59929             825.61457 
           -513.32662               8.56388            -504.76274             690.13246 
           -514.91698              10.04129            -504.87568             809.19200 
           -519.04431              13.98720            -505.05711            1127.17855 
           -518.15453              12.83517            -505.31937            1034.34038 
           -513.17315               7.67651            -505.49664             618.62260 
           -513.71887               8.26612            -505.45276             666.13685 
           -515.75681              10.47398            -505.28282             844.06107 
           -517.05095              11.88967            -505.16128             958.14625 
           -518.28618              13.20139            -505.08479            1063.85281 
           -522.64288              17.35467            -505.28821            1398.55112 
           -520.09012              14.23650            -505.85362            1147.26891 
           -517.43871              10.79161            -506.64710             869.65750 
           -518.47703              11.23701            -507.24002             905.55072 
           -519.19201              11.63030            -507.56171             937.24444 
           -518.17825              10.56750            -507.61074             851.59754 
           -521.35004              13.98020            -507.36983            1126.61492 
           -525.92462              19.08128            -506.84335            1537.69209 
           -522.21071              16.20816            -506.00256            1306.15788 
           -524.28671              19.27321            -505.01350            1553.15931 
           -525.99050              22.22389            -503.76661            1790.94393 
           -525.72369              22.93026            -502.79342            1847.86842 
           -526.54719              24.32004            -502.22715            1959.86570 
           -526.91632              25.18711            -501.72920            2029.73983 
           -534.83949              33.55210            -501.28739            2703.84418 
           -534.37220              33.69839            -500.67381            2715.63330 
           -530.00519              29.94106            -500.06413            2412.84330 
           -533.31079              33.49552            -499.81528            2699.28468 
           -536.35256              36.52843            -499.82413            2943.69628 
           -536.76327              36.73162            -500.03165            2960.07040 
           -532.44608              31.82199            -500.62409            2564.42063 
           -530.83495              29.11332            -501.72164            2346.13848 
           -530.94790              28.12435            -502.82355            2266.44158 
           -515.28889              12.16495            -503.12394             980.32977 
           -524.82260              21.19368            -503.62892            1707.92306 
           -524.20955              19.37097            -504.83858            1561.03772 
           -521.77284              15.21165            -506.56118            1225.85285 
           -525.14768              18.18802            -506.95966            1465.70794 
           -531.98536              25.36010            -506.62526            2043.68038 
           -527.98455              22.78179            -505.20276            1835.90340 
           -531.91704              28.03517            -503.88187            2259.25484 
           -527.55142              24.54105            -503.01037            1977.67599 
           -521.63481              19.35353            -502.28128            1559.63226 
           -521.70178              20.34145            -501.36033            1639.24500 
           -515.94226              15.61345            -500.32882            1258.23207 
           -528.74209              28.71014            -500.03195            2313.64799 
           -521.86745              22.40610            -499.46135            1805.62770 
           -525.86433              26.85804            -499.00630            2164.39380 
           -529.48309              31.51485            -497.96824            2539.66991 
           -531.23455              34.60392            -496.63064            2788.60673 
           -529.45443              33.88436            -495.57008            2730.61961 
           -525.28478              30.48130            -494.80347            2456.37983 
           -526.38233              32.31304            -494.06930            2603.99283 
           -531.14174              37.81527            -493.32647            3047.39788 
           -523.05479              30.20804            -492.84674            2434.35874 
           -518.39851              25.41243            -492.98608            2047.89711 
           -523.17235              29.73152            -493.44083            2395.95731 
           -518.78312              25.12153            -493.66159            2024.45469 
           -516.53072              22.78303            -493.74770            1836.00294 
           -513.62064              19.98783            -493.63281            1610.74813 
           -514.55250              21.12192            -493.43058            1702.14003 
           -515.55973              22.39993            -493.15981            1805.13031 
           -510.58378              17.64484            -492.93894            1421.93503 
           -510.87335              17.87339            -492.99996            1440.35260 
           -511.77167              18.60655            -493.16512            1499.43546 
           -506.64908              13.41122            -493.23786            1080.76259 
           -507.14052              13.82738            -493.31314            1114.29933 
           -510.99073              17.63107            -493.35965            1420.82556 
           -509.35008              16.03199            -493.31808            1291.96114 
           -507.35311              14.06163            -493.29147            1133.17687 
           -505.35962              12.00785            -493.35177             967.66967 
           -503.58369              10.03816            -493.54552             808.93978 
           -505.27017              11.43113            -493.83903             921.19445 
           -507.92580              13.83651            -494.08928            1115.03530 
           -507.40205              13.15791            -494.24413            1060.34935 
           -505.02502              10.67879            -494.34624             860.56539 
           -503.07296               8.68648            -494.38648             700.01275 
           -504.20925               9.81917            -494.39008             791.29177 
           -506.35390              11.89358            -494.46032             958.46109 
           -504.94900              10.32871            -494.62029             832.35433 
           -506.48795              11.65615            -494.83180             939.32798 
           -510.24284              15.25649            -494.98635            1229.46647 
           -507.96548              12.97995            -494.98553            1046.00796 
           -506.99275              12.01347            -494.97928             968.12310 
           -506.59142              11.62690            -494.96452             936.97040 
           -508.25325              13.23016            -495.02309            1066.17171 
           -510.74328              15.53393            -495.20935            1251.82434 
           -509.39098              13.93081            -495.46017            1122.63408 
           -507.81875              12.18845            -495.63030             982.22418 
           -512.23223              16.52466            -495.70756            1331.66364 
           -512.54394              17.06097            -495.48298            1374.88248 
           -512.42075              17.38693            -495.03381            1401.15100 
           -513.63884              19.15764            -494.48120            1543.84571 
           -515.70538              21.66489            -494.04049            1745.89645 
           -518.27442              24.50338            -493.77105            1974.63983 
           -518.84068              25.15280            -493.68787            2026.97469 
           -517.78889              23.83040            -493.95849            1920.40703 
           -519.04486              24.49751            -494.54735            1974.16706 
           -522.84487              27.92033            -494.92454            2250.00010 
           -522.69735              27.68969            -495.00766            2231.41323 
           -522.68042              27.71747            -494.96294            2233.65262 
           -528.70763              33.69911            -495.00852            2715.69149 
           -527.45946              32.25492            -495.20454            2599.30918 
           -525.73285              29.97555            -495.75729            2415.62327 
           -526.12635              29.70628            -496.42007            2393.92337 
           -528.31017              31.19291            -497.11726            2513.72581 
           -528.58895              30.77493            -497.81401            2480.04243 
           -527.68470              29.21664            -498.46806            2354.46500 
           -527.26709              28.17033            -499.09676            2270.14634 
           -525.39663              25.65814            -499.73848            2067.69853 
           -521.77135              21.38746            -500.38389            1723.53892 
           -522.34836              21.08777            -501.26059            1699.38873 
           -525.57330              23.30844            -502.26487            1878.34408 
           -525.84925              22.57190            -503.27734            1818.98935 
           -526.04102              21.88162            -504.15939            1763.36202 
           -523.36861              18.53723            -504.83139            1493.84902 
           -529.78253              24.21291            -505.56962            1951.23247 
           -527.74255              21.88486            -505.85769            1763.62277 
           -529.96216              23.86467            -506.09749            1923.16880 
           -524.96141              19.15607            -505.80534            1543.71967 
           -529.09606              23.95408            -505.14198            1930.37370 
           -528.38343              23.90545            -504.47798            1926.45541 
           -529.98059              25.61147            -504.36911            2063.93754 
           -528.30015              23.92709            -504.37306            1928.19914 
           -530.96719              26.61892            -504.34827            2145.12398 
           -534.29960              30.33843            -503.96117            2444.86612 
           -532.65389              29.27639            -503.37750            2359.28034 
           -525.61538              22.83247            -502.78291            1839.98787 
           -531.33089              28.90191            -502.42897            2329.10243 
           -529.70278              27.48852            -502.21426            2215.20179 
           -529.53734              27.06894            -502.46839            2181.38986 
           -529.51025              26.64622            -502.86403            2147.32420 
           -525.16323              22.07036            -503.09287            1778.57189 
           -525.47789              22.18427            -503.29362            1787.75165 
           -526.49160              22.96631            -503.52529            1850.77320 
           -524.14125              20.36670            -503.77455            1641.27983 
           -523.70726              19.88992            -503.81734            1602.85791 
           -523.27291              19.64884            -503.62407            1583.43002 
           -521.30326              17.76913            -503.53413            1431.95068 
           -518.81779              15.32248            -503.49530            1234.78434 
           -519.41765              15.91142            -503.50622            1282.24490 
           -519.82516              16.23945            -503.58571            1308.67939 
           -521.03883              17.25917            -503.77966            1390.85546 
           -518.97909              15.18704            -503.79206            1223.86950 
           -518.50071              14.75314            -503.74757            1188.90328 
           -518.21394              14.54362            -503.67033            1172.01830 
           -518.59073              15.07909            -503.51164            1215.17021 
           -518.73581              15.45848            -503.27733            1245.74373 
           -519.67048              16.57756            -503.09292            1335.92632 
           -519.20844              16.26495            -502.94349            1310.73445 
           -517.52898              14.78098            -502.74801            1191.14626 
           -516.17701              13.84605            -502.33096            1115.80369 
           -518.45588              16.85621            -501.59967            1358.38175 
           -520.39825              19.50295            -500.89530            1571.67358 
           -518.54381              18.25229            -500.29152            1470.88748 
           -520.36613              20.58980            -499.77633            1659.25908 
           -516.16750              17.12960            -499.03790            1380.41364 
           -519.27142              20.95221            -498.31921            1688.46443 
           -521.21546              23.57719            -497.63827            1900.00194 
           -518.64441              21.69958            -496.94483            1748.69156 
           -517.03413              20.89197            -496.14216            1683.60946 
           -515.18596              19.99761            -495.18835            1611.53582 
           -517.13011              22.67212            -494.45798            1827.06578 
           -517.87428              23.98139            -493.89289            1932.57466 
           -515.40035              22.25214            -493.14822            1793.22042 
           -511.07658              19.02001            -492.05657            1532.75489 
           -512.72946              21.75161            -490.97785            1752.88490 
           -509.30914              19.37429            -489.93485            1561.30469 
           -508.34197              19.35326            -488.98872            1559.61011 
           -509.16797              21.23235            -487.93562            1711.03986 
           -503.36614              16.60333            -486.76280            1338.00351 
           -505.82010              19.95211            -485.86798            1607.86986 
           -504.18850              19.19922            -484.98928            1547.19655 
           -500.95511              16.91724            -484.03786            1363.30055 
           -505.45883              22.38755            -483.07128            1804.13331 
           -502.95012              21.36604            -481.58408            1721.81320 
           -506.21192              25.83969            -480.37223            2082.32828 
           -503.12916              23.82449            -479.30467            1919.93080 
           -501.46340              23.40108            -478.06232            1885.80997 
           -503.33442              26.60794            -476.72648            2144.23945 
           -501.77750              26.32421            -475.45329            2121.37449 
           -503.02074              28.53600            -474.48474            2299.61490 
           -499.77540              25.99453            -473.78086            2094.80674 
           -500.34415              27.16793            -473.17622            2189.36668 
           -499.86009              27.42545            -472.43464            2210.11939 
           -496.88281              25.22405            -471.65876            2032.71626 
           -496.95632              26.04835            -470.90797            2099.14362 
           -495.16638              24.88221            -470.28417            2005.16875 
           -493.03301              23.20256            -469.83044            1869.81199 
           -492.87690              23.42929            -469.44761            1888.08308 
           -492.68146              23.66009            -469.02137            1906.68214 
           -492.07862              23.51130            -468.56731            1894.69236 
           -490.11447              21.89277            -468.22170            1764.26039 
           -488.60423              20.58525            -468.01898            1658.89204 
           -486.38247              18.53180            -467.85066            1493.41204 
           -486.12540              18.45098            -467.67442            1486.89857 
           -488.01408              20.52484            -467.48924            1654.02376 
           -486.19500              18.98567            -467.20934            1529.98736 
           -483.50071              16.59373            -466.90698            1337.22943 
           -480.44796              13.88061            -466.56735            1118.58922 
           -482.66756              16.36544            -466.30212            1318.83256 
           -484.46639              18.37471            -466.09168            1480.75283 
           -482.99705              17.08988            -465.90717            1377.21274 
           -481.50441              15.75989            -465.74452            1270.03340 
           -481.13057              15.52652            -465.60404            1251.22731 
           -482.47071              16.95053            -465.52018            1365.98250 
           -482.69271              17.25479            -465.43792            1390.50200 
           -484.05657              18.68917            -465.36739            1506.09385 
           -484.74706              19.49986            -465.24720            1571.42456 
           -484.72718              19.65070            -465.07648            1583.58019 
           -485.84795              20.90214            -464.94581            1684.42907 
           -485.33502              20.51846            -464.81656            1653.50941 
           -486.86535              22.13698            -464.72838            1783.94008 
           -489.43121              24.74053            -464.69068            1993.75102 
           -489.72801              25.01354            -464.71448            2015.75208 
           -490.87149              26.03546            -464.83603            2098.10543 
           -493.11080              28.08260            -465.02819            2263.07710 
           -494.56960              29.30803            -465.26158            2361.82963 
           -494.76175              29.23514            -465.52661            2355.95600 
           -494.64989              29.04833            -465.60157            2340.90143 
           -498.02824              32.45106            -465.57718            2615.11560 
           -498.08677              32.65416            -465.43261            2631.48231 
           -500.11716              34.76344            -465.35372            2801.46167 
           -502.06765              36.58059            -465.48705            2947.89988 
           -504.86296              38.98756            -465.87540            3141.86844 
           -502.52009              36.06220            -466.45789            2906.12449 
           -500.56825              33.44183            -467.12641            2694.95842 
           -504.97178              37.30256            -467.66922            3006.08073 
           -502.04197              34.20330            -467.83867            2756.32208 
           -506.52638              38.47489            -468.05148            3100.55473 
           -510.21025              42.12240            -468.08785            3394.49401 
           -514.39591              46.28629            -468.10962            3730.04750 
           -516.03420              48.01513            -468.01907            3869.36849 
           -520.61834              52.52324            -468.09510            4232.66101 
           -512.80992              44.57275            -468.23717            3591.95963 
           -509.20850              41.24234            -467.96616            3323.57377 
           -515.47756              48.01801            -467.45955            3869.60088 
           -507.94563              41.61896            -466.32667            3353.92363 
           -511.84257              46.28794            -465.55464            3730.18011 
           -505.76116              40.51388            -465.24728            3264.86929 
           -500.35937              35.48164            -464.87772            2859.33925 
           -507.12807              42.72869            -464.39938            3443.35345 
           -508.81402              44.75004            -464.06398            3606.24685 
           -503.95321              40.42506            -463.52815            3257.71137 
           -505.88973              43.11396            -462.77577            3474.40072 
           -503.93264              41.97586            -461.95678            3382.68530 
           -507.32944              46.05958            -461.26986            3711.77761 
           -505.07503              44.09027            -460.98477            3553.07762 
           -497.34467              36.81631            -460.52836            2966.89544 
           -510.89312              50.87279            -460.02033            4099.65725 
           -501.47233              42.77586            -458.69648            3447.15398 
           -510.75930              52.72115            -458.03814            4248.60991 
           -501.82151              44.48883            -457.33268            3585.19650 
           -508.36898              51.17424            -457.19474            4123.94960 
           -501.77347              44.80987            -456.96360            3611.06805 
           -501.19791              44.46472            -456.73318            3583.25382 
           -502.65937              46.18969            -456.46967            3722.26295 
           -501.88609              45.75559            -456.13050            3687.28046 
           -502.56137              46.93858            -455.62279            3782.61302 
           -497.85454              42.88020            -454.97434            3455.56299 
           -499.87229              45.41259            -454.45970            3659.63940 
           -492.53029              38.63026            -453.90003            3113.07546 
           -495.54835              41.93413            -453.61422            3379.32251 
           -495.24647              41.96175            -453.28472            3381.54818 
           -486.00289              33.06256            -452.94032            2664.39435 
           -484.29027              31.59049            -452.69978            2545.76547 
           -486.04534              33.56751            -452.47783            2705.08631 
           -481.80820              29.66836            -452.13983            2390.86778 
           -482.74546              30.87639            -451.86907            2488.21870 
           -485.48917              33.87245            -451.61672            2729.65996 
           -483.70466              32.38131            -451.32335            2609.49453 
           -483.39068              32.28675            -451.10394            2601.87410 
           -483.85522              33.04683            -450.80839            2663.12659 
           -481.59642              31.16792            -450.42851            2511.71153 
           -479.70006              29.60030            -450.09976            2385.38301 
           -475.46411              25.59170            -449.87240            2062.34433 
           -475.13292              25.21980            -449.91312            2032.37428 
           -477.96044              28.01743            -449.94301            2257.82491 
           -483.20954              33.13992            -450.06963            2670.62802 
           -476.77135              26.66763            -450.10372            2149.04960 
           -477.74832              27.83365            -449.91467            2243.01502 
           -478.47820              28.94082            -449.53738            2332.23755 
           -477.68209              28.49422            -449.18787            2296.24765 
           -483.06845              34.08116            -448.98729            2746.47904 
           -479.18086              30.32705            -448.85381            2443.94895 
           -476.12539              27.32850            -448.79689            2202.30638 
           -475.35230              26.85965            -448.49266            2164.52338 
           -480.52370              32.28954            -448.23416            2602.09931 
           -478.12583              29.88454            -448.24128            2408.28893 
           -473.84247              25.63276            -448.20971            2065.65298 
           -475.35643              27.10434            -448.25209            2184.24239 
           -473.65606              25.51009            -448.14596            2055.76770 
           -480.56855              32.55095            -448.01760            2623.16503 
           -480.44448              32.65774            -447.78674            2631.77143 
           -476.29417              28.53939            -447.75478            2299.88794 
           -475.95457              28.15984            -447.79473            2269.30149 
           -476.61525              28.82013            -447.79511            2322.51189 
           -481.43542              33.59037            -447.84505            2706.92851 
           -484.34961              36.51452            -447.83508            2942.57539 
           -481.40275              33.67743            -447.72532            2713.94447 
           -475.93524              28.28873            -447.64651            2279.68790 
           -478.09526              30.45447            -447.64080            2454.21702 
           -483.51844              35.95432            -447.56412            2897.43100 
           -487.69827              40.33672            -447.36156            3250.59233 
           -485.54754              38.58778            -446.95976            3109.65201 
           -484.87145              38.12580            -446.74565            3072.42257 
           -485.32028              38.74158            -446.57870            3122.04598 
           -492.40378              46.00222            -446.40155            3707.15551 
           -490.98113              44.84907            -446.13206            3614.22716 
           -484.52031              38.69360            -445.82671            3118.17975 
           -488.94098              42.95990            -445.98107            3461.98584 
           -482.76922              36.51563            -446.25359            2942.66430 
           -493.94047              47.18044            -446.76003            3802.10347 
           -502.83542              55.54624            -447.28918            4476.27349 
           -495.12869              47.34366            -447.78503            3815.25716 
           -495.89854              47.65298            -448.24555            3840.18431 
           -498.73490              50.10812            -448.62678            4038.03516 
           -497.75879              48.92205            -448.83674            3942.45407 
           -497.45765              48.58056            -448.87709            3914.93469 
           -494.41936              45.48442            -448.93494            3665.42753 
           -496.19342              47.30692            -448.88650            3812.29653 
           -504.08338              55.40209            -448.68128            4464.65762 
           -502.22472              53.51199            -448.71273            4312.34063 
           -491.11796              42.40217            -448.71579            3417.04004 
           -498.25535              49.47454            -448.78081            3986.97731 
           -503.03569              54.25134            -448.78435            4371.92208 
           -495.87722              47.52206            -448.35516            3829.63358 
           -501.50208              53.29145            -448.21063            4294.56818 
           -496.36857              48.42178            -447.94679            3902.13883 
           -494.60919              47.02311            -447.58608            3789.42498 
           -503.08109              55.72878            -447.35231            4490.98431 
           -496.43443              49.37020            -447.06423            3978.56849 
           -502.05563              55.38847            -446.66717            4463.55930 
           -499.69759              53.63344            -446.06415            4322.12806 
           -498.39948              52.41025            -445.98923            4223.55552 
           -488.70548              43.05813            -445.64735            3469.90113 
           -494.98427              49.48062            -445.50365            3987.46679 
           -500.48241              55.12463            -445.35778            4442.29788 
           -495.36079              50.27179            -445.08900            4051.22474 
           -499.52861              54.45155            -445.07706            4388.05654 
           -498.73849              54.03519            -444.70330            4354.50357 
           -495.77662              51.53693            -444.23969            4153.17758 
           -499.16123              54.81687            -444.34436            4417.49631 
           -493.71289              49.61449            -444.09840            3998.25505 
           -495.85722              52.29984            -443.55738            4214.65808 
           -492.69263              50.21485            -442.47778            4046.63615 
           -491.94492              49.90169            -442.04323            4021.39993 
           -489.72707              47.98105            -441.74602            3866.62202 
           -495.35440              53.87955            -441.47485            4341.96122 
           -492.40307              51.18987            -441.21320            4125.20963 
           -484.89688              43.57728            -441.31960            3511.73824 
           -484.59368              43.36879            -441.22489            3494.93664 
           -491.79372              50.62359            -441.17013            4079.57474 
           -486.96374              45.78072            -441.18302            3689.30564 
           -485.17921              44.02595            -441.15326            3547.89427 
           -490.98073              49.97960            -441.00114            4027.67778 
           -486.67269              46.18529            -440.48740            3721.90833 
           -484.72233              44.31494            -440.40738            3571.18367 
           -485.40844              44.96876            -440.43968            3623.87234 
           -480.72578              40.26035            -440.46543            3244.43837 
           -481.84138              41.46760            -440.37378            3341.72636 
           -484.34996              44.31268            -440.03728            3571.00099 
           -483.88928              44.30114            -439.58814            3570.07135 
           -484.40823              45.16190            -439.24633            3639.43704 
           -481.80275              42.91165            -438.89109            3458.09750 
           -474.80268              36.29852            -438.50417            2925.16824 
           -478.77508              40.32650            -438.44858            3249.76938 
           -476.40153              38.17595            -438.22558            3076.46415 
           -473.52223              35.47995            -438.04227            2859.20318 
           -474.72088              36.74860            -437.97229            2961.43852 
           -477.99604              40.05400            -437.94204            3227.80951 
           -477.36561              39.44998            -437.91563            3179.13374 
           -471.50942              33.61202            -437.89739            2708.67326 
           -471.54126              33.62022            -437.92104            2709.33348 
           -474.14987              36.33765            -437.81222            2928.32210 
           -476.65815              39.11561            -437.54253            3152.18785 
           -476.42500              39.14488            -437.28012            3154.54645 
           -470.47767              33.45666            -437.02101            2696.15284 
           -477.50988              40.61219            -436.89768            3272.79208 
           -477.10796              40.41543            -436.69253            3256.93556 
           -478.32180              41.41693            -436.90487            3337.64318 
           -476.67746              39.38260            -437.29485            3173.70388 
           -474.06049              36.49915            -437.56135            2941.33624 
           -470.47068              32.71242            -437.75826            2636.17733 
           -470.92299              32.76978            -438.15321            2640.80012 
           -469.30248              30.75303            -438.54946            2478.27693 
           -471.06279              32.03711            -439.02568            2581.75664 
           -471.31677              31.81948            -439.49729            2564.21868 
           -474.49976              34.57427            -439.92548            2786.21772 
           -474.45207              34.45570            -439.99637            2776.66261 
           -472.84075              33.12844            -439.71231            2669.70316 
           -474.26568              34.77955            -439.48613            2802.76040 
           -473.61800              34.48498            -439.13302            2779.02183 
           -475.29942              36.51099            -438.78842            2942.29091 
           -470.76882              32.51501            -438.25381            2620.26882 
           -474.61062              37.03034            -437.58027            2984.14335 
           -473.09673              36.18514            -436.91159            2916.03189 
           -472.05565              35.55300            -436.50265            2865.08995 
           -482.15406              45.82489            -436.32917            3692.86447 
           -480.02043              43.92616            -436.09426            3539.85309 
           -475.32551              39.39627            -435.92924            3174.80502 
           -475.59834              39.58819            -436.01015            3190.27126 
           -472.05049              36.03253            -436.01796            2903.73311 
           -473.02103              36.98536            -436.03567            2980.51873 
           -472.47031              36.15034            -436.31997            2913.22688 
           -475.35009              38.50073            -436.84936            3102.63681 
           -480.45503              43.17430            -437.28073            3479.26312 
           -480.62825              43.03834            -437.58992            3468.30634 
           -477.32220              39.44256            -437.87964            3178.53551 
           -473.38510              35.48740            -437.89770            2859.80301 
           -479.92063              42.00486            -437.91578            3385.02179 
           -486.44120              48.48115            -437.96005            3906.92316 
           -490.73979              52.71760            -438.02218            4248.32389 
           -487.43868              49.13545            -438.30322            3959.65141 
           -483.55315              44.98969            -438.56346            3625.55903 
           -483.25124              44.59064            -438.66060            3593.40073 
           -488.98308              49.98084            -439.00224            4027.77823 
           -488.41385              49.49052            -438.92333            3988.26456 
           -489.63475              50.72420            -438.91056            4087.68252 
           -489.67942              50.55362            -439.12580            4073.93664 
           -494.54398              55.53453            -439.00945            4475.33010 
           -493.44577              54.31752            -439.12825            4377.25557 
           -490.22707              50.80683            -439.42024            4094.34198 
           -481.30143              41.91569            -439.38574            3377.83651 
           -490.29562              50.76650            -439.52912            4091.09125 
           -493.85613              54.34313            -439.51300            4379.31950 
