             -0.03775              -0.12359              -0.15648 
             -0.06091              -0.21648              -0.12667 
             -0.06250              -0.25842              -0.12468 
             -0.04937              -0.26271              -0.09856 
             -0.01606              -0.26079              -0.00549 
              0.03133              -0.25863               0.12457 
              0.06621              -0.25428               0.20241 
              0.07782              -0.25578               0.19384 
              0.06270              -0.26462               0.17742 
              0.02052              -0.26759               0.20209 
             -0.02238              -0.24074               0.19816 
             -0.04855              -0.18145               0.10268 
             -0.06086              -0.11769              -0.01122 
             -0.05573              -0.05986              -0.05020 
             -0.03352               0.00475              -0.02919 
             -0.00342               0.07876              -0.03997 
              0.02542               0.15468              -0.11343 
              0.04184               0.22677              -0.18484 
              0.04485               0.28678              -0.20665 
              0.03797               0.33563              -0.16896 
              0.01664               0.36298              -0.10563 
             -0.01795               0.33719              -0.07937 
             -0.05154               0.28017              -0.05632 
             -0.07114               0.22670               0.01816 
             -0.06374               0.17937               0.09333 
             -0.02644               0.15716               0.11118 
              0.02505               0.15850               0.07822 
              0.06677               0.15039               0.06097 
              0.08395               0.11201               0.12241 
              0.07248               0.02271               0.20103 
              0.03324              -0.10538               0.17599 
             -0.01492              -0.21475               0.07117 
             -0.04151              -0.27942               0.00347 
             -0.04710              -0.31762               0.00322 
             -0.04279              -0.33605               0.00702 
             -0.02329              -0.32696              -0.04297 
              0.00548              -0.29925              -0.11997 
              0.02692              -0.28023              -0.15637 
              0.03809              -0.26637              -0.14861 
              0.04351              -0.22960              -0.14091 
              0.04045              -0.16519              -0.14379 
              0.01693              -0.09552              -0.13851 
             -0.02276              -0.03792              -0.09681 
             -0.06239              -0.00464              -0.01504 
             -0.08808               0.00985               0.04885 
             -0.08599               0.03061               0.06563 
             -0.04814               0.08454               0.10029 
              0.00722               0.19142               0.19456 
              0.05937               0.32665               0.27432 
              0.08126               0.40401               0.23069 
              0.06122               0.40348               0.11285 
              0.02463               0.36450               0.05073 
             -0.01096               0.30147               0.05767 
             -0.04261               0.22691               0.03391 
             -0.05066               0.15851              -0.06474 
             -0.03322               0.10472              -0.16255 
             -0.01112               0.06921              -0.19995 
              0.00991               0.03633              -0.19137 
              0.03417              -0.00680              -0.18083 
              0.05069              -0.05964              -0.19345 
              0.05409              -0.11879              -0.18964 
              0.05151              -0.18092              -0.11302 
              0.03649              -0.23800               0.02215 
              0.00236              -0.28525               0.13379 
             -0.03709              -0.30687               0.15225 
             -0.06275              -0.31655               0.12608 
             -0.06853              -0.34176               0.15636 
             -0.04823              -0.34720               0.22189 
             -0.00287              -0.30065               0.21893 
              0.04375              -0.20898               0.12953 
              0.06674              -0.09681               0.06544 
              0.05695               0.00872               0.04949 
              0.02383               0.08156              -0.00521 
             -0.01625               0.11072              -0.10932 
             -0.05031               0.11621              -0.19822 
             -0.06796               0.13166              -0.21018 
             -0.06605               0.16915              -0.13572 
             -0.04832               0.20996              -0.07273 
             -0.01908               0.24506              -0.09700 
              0.01379               0.28063              -0.14123 
              0.03955               0.31741              -0.12425 
              0.05645               0.35747              -0.02071 
              0.05970               0.36509               0.08120 
              0.04108               0.30181               0.07602 
              0.00766               0.21591               0.05931 
             -0.02885               0.12608               0.12338 
             -0.05842               0.03227               0.20416 
             -0.06050              -0.04622               0.18623 
             -0.03350              -0.11548               0.08617 
              0.00995              -0.17991               0.03558 
              0.05398              -0.23828               0.07077 
              0.08077              -0.27944               0.08684 
              0.07904              -0.28119               0.00365 
              0.05036              -0.26021              -0.10142 
              0.00989              -0.25408              -0.12812 
             -0.02977              -0.26950              -0.09119 
             -0.05929              -0.28300              -0.08267 
             -0.06802              -0.27171              -0.14513 
             -0.05598              -0.24495              -0.21090 
             -0.03235              -0.21436              -0.19166 
              0.00043              -0.16092              -0.07910 
              0.03700              -0.06521               0.02741 
              0.05845               0.04716               0.03626 
              0.05380               0.14379               0.01599 
              0.02601               0.21357               0.07427 
             -0.01625               0.25021               0.18978 
             -0.05464               0.26289               0.24107 
             -0.07689               0.25299               0.17015 
             -0.07732               0.25063               0.11104 
             -0.05106               0.28034               0.13803 
             -0.00887               0.30397               0.15518 
              0.03147               0.27855               0.06559 
              0.05767               0.22961              -0.09566 
              0.06724               0.18675              -0.19888 
              0.06437               0.14563              -0.19248 
              0.04250               0.09774              -0.15297 
              0.00669               0.04060              -0.15480 
             -0.02565              -0.02935              -0.18299 
             -0.04836              -0.10892              -0.17804 
             -0.05550              -0.19560              -0.10149 
             -0.03566              -0.27738               0.00000 
              0.00700              -0.31828               0.03304 
              0.05244              -0.31920               0.02699 
              0.08642              -0.30840               0.08785 
              0.09487              -0.29496               0.22949 
              0.06227              -0.26175               0.31681 
              0.00150              -0.20354               0.22522 
             -0.05230              -0.16227               0.08000 
             -0.08187              -0.14640               0.02851 
             -0.08829              -0.13286               0.05371 
             -0.07061              -0.09068               0.03894 
             -0.03519              -0.01509              -0.05977 
              0.00105               0.07153              -0.14249 
              0.02669               0.15717              -0.14630 
              0.04161               0.22897              -0.12955 
              0.04471               0.27175              -0.14053 
              0.03168               0.28504              -0.16644 
              0.00171               0.28782              -0.16214 
             -0.03519               0.30498              -0.07981 
             -0.06705               0.31950               0.03039 
             -0.08104               0.29390               0.05639 
             -0.06594               0.24577               0.01768 
             -0.01565               0.19641               0.02395 
              0.04979               0.13899               0.11626 
              0.09909               0.07608               0.19924 
              0.11252               0.02560               0.15394 
              0.08299              -0.01409               0.06447 
              0.03234              -0.06066               0.06324 
             -0.01813              -0.12761               0.12245 
             -0.05269              -0.20975               0.12129 
             -0.05456              -0.28141               0.01717 
             -0.03115              -0.32793              -0.08489 
             -0.00634              -0.36020              -0.10431 
              0.01259              -0.36946              -0.08318 
              0.02869              -0.33040              -0.10171 
              0.03965              -0.25787              -0.16729 
              0.04183              -0.19214              -0.19746 
              0.03171              -0.14118              -0.13661 
              0.00627              -0.09637              -0.03991 
             -0.03067              -0.05890              -0.01643 
             -0.06798              -0.01879              -0.06099 
             -0.09449               0.03158              -0.05804 
             -0.09860               0.08992               0.05056 
             -0.06768               0.15814               0.19064 
             -0.00608               0.21511               0.22895 
              0.05411               0.24205               0.17806 
              0.08333               0.27711               0.16216 
              0.07487               0.31927               0.18350 
              0.03444               0.33613               0.15110 
             -0.01357               0.31456               0.02934 
             -0.04548               0.26825              -0.09278 
             -0.05599               0.22468              -0.11290 
             -0.04360               0.17324              -0.07668 
             -0.01482               0.09689              -0.09794 
              0.01532               0.00977              -0.18898 
              0.04128              -0.05812              -0.25819 
              0.06345              -0.10558              -0.24008 
              0.07947              -0.14401              -0.14153 
              0.08089              -0.17243              -0.03253 
              0.05835              -0.19006               0.02087 
              0.01578              -0.21541               0.04435 
             -0.03192              -0.26706               0.11537 
             -0.07265              -0.32894               0.20795 
             -0.09000              -0.35521               0.21062 
             -0.06734              -0.32905               0.13467 
             -0.01415              -0.27332               0.11412 
              0.03827              -0.21072               0.18336 
              0.07050              -0.13019               0.18095 
              0.06716              -0.04364               0.03838 
              0.02959               0.02013              -0.10702 
             -0.01918               0.07034              -0.15624 
             -0.06525               0.13528              -0.11914 
             -0.09297               0.19988              -0.08753 
             -0.08725               0.23041              -0.13643 
             -0.05945               0.24320              -0.20202 
             -0.02854               0.25974              -0.18696 
              0.00632               0.27192              -0.08456 
              0.04724               0.26421               0.00393 
              0.07180               0.24958              -0.00098 
              0.06742               0.24931              -0.02145 
              0.04810               0.26750               0.04076 
              0.02066               0.27980               0.15198 
             -0.01789               0.23086               0.17984 
             -0.04873               0.11500               0.10591 
             -0.05501              -0.02321               0.06998 
             -0.03574              -0.14926               0.12796 
              0.00875              -0.22825               0.17506 
              0.05681              -0.24238               0.10666 
              0.08339              -0.22497              -0.02072 
              0.08760              -0.22455              -0.07839 
              0.07378              -0.25486              -0.04623 
              0.03512              -0.29244              -0.03422 
             -0.01798              -0.30330              -0.10426 
             -0.05862              -0.28253              -0.18143 
             -0.07958              -0.25685              -0.18119 
             -0.08608              -0.23019              -0.11968 
             -0.06921              -0.18213              -0.08936 
             -0.02554              -0.12289              -0.11041 
              0.01924              -0.06992              -0.11127 
              0.04915              -0.01405              -0.02148 
              0.06247               0.06181               0.14032 
              0.04120               0.15477               0.21414 
             -0.00635               0.23121               0.13776 
             -0.04999               0.28317               0.07823 
             -0.08392               0.31814               0.12877 
             -0.09881               0.32271               0.21999 
             -0.07636               0.28770               0.21229 
             -0.02825               0.23265               0.08658 
              0.02391               0.19929              -0.00910 
              0.06801               0.19222              -0.04697 
              0.08959               0.19019              -0.10094 
              0.08673               0.17130              -0.18733 
              0.06730               0.13134              -0.24430 
              0.03240               0.07082              -0.22090 
             -0.01104              -0.01213              -0.13425 
             -0.04453              -0.10605              -0.07021 
             -0.05604              -0.17962              -0.08937 
             -0.03980              -0.22375              -0.12310 
              0.00140              -0.26706              -0.05710 
              0.05262              -0.31494               0.11472 
              0.09451              -0.33553               0.24033 
              0.10304              -0.31636               0.21015 
              0.06944              -0.27551               0.13900 
              0.01280              -0.24096               0.15932 
             -0.04647              -0.19589               0.20512 
             -0.08598              -0.12243               0.15306 
             -0.09563              -0.05630               0.01546 
             -0.08136              -0.02268              -0.07160 
             -0.05835              -0.00131              -0.06473 
             -0.02985               0.02325              -0.05955 
              0.00492               0.05997              -0.10861 
              0.02919               0.12494              -0.18020 
              0.03722               0.21001              -0.20183 
              0.03445               0.30099              -0.13734 
              0.01311               0.37449              -0.06630 
             -0.02377               0.38690              -0.06911 
             -0.05664               0.33781              -0.09581 
             -0.07703               0.27185              -0.05511 
             -0.07626               0.21356               0.07064 
             -0.03267               0.15643               0.17815 
              0.03713               0.11026               0.15934 
              0.09296               0.08425               0.08572 
              0.11718               0.05347               0.07871 
              0.10684              -0.00372               0.13646 
              0.06005              -0.07832               0.15206 
              0.00457              -0.14564               0.07242 
             -0.03032              -0.19575              -0.00176 
             -0.04553              -0.23801               0.00972 
             -0.04292              -0.28286               0.04758 
             -0.02593              -0.30598              -0.00819 
             -0.00353              -0.30270              -0.14093 
              0.01512              -0.30324              -0.22449 
              0.02936              -0.31169              -0.19708 
              0.04458              -0.30071              -0.10433 
              0.04978              -0.23446              -0.05428 
              0.02926              -0.11978              -0.08150 
             -0.01016              -0.01378              -0.10836 
             -0.05499               0.05836              -0.06141 
             -0.09439               0.09524               0.03288 
             -0.10968               0.09802               0.08246 
             -0.08446               0.09791               0.10524 
             -0.02414               0.13814               0.16531 
              0.03730               0.22220               0.23541 
              0.07422               0.30233               0.24791 
              0.07045               0.32567               0.13561 
              0.02898               0.31897               0.02192 
             -0.01470               0.31117               0.01502 
             -0.04454               0.28741               0.03199 
             -0.05400               0.23777              -0.01803 
             -0.03992               0.16612              -0.12997 
             -0.01462               0.09854              -0.21778 
              0.01546               0.03605              -0.21740 
              0.04435              -0.03564              -0.16617 
              0.06045              -0.10712              -0.13811 
              0.06663              -0.16088              -0.14064 
              0.06931              -0.19761              -0.11912 
              0.06069              -0.22389              -0.03072 
              0.03481              -0.23746               0.09131 
             -0.00533              -0.23770               0.15165 
             -0.04593              -0.23930               0.14664 
             -0.07024              -0.26289               0.16393 
             -0.06486              -0.31325               0.22216 
             -0.02604              -0.33496               0.22230 
              0.02744              -0.28378               0.12441 
              0.06262              -0.18776               0.01770 
              0.06290              -0.07404              -0.01385 
              0.03197               0.04344               0.00443 
             -0.01782               0.13017              -0.02684 
             -0.06295               0.16874              -0.12352 
             -0.08556               0.18165              -0.19492 
             -0.08360               0.19526              -0.19278 
             -0.06395               0.21517              -0.15128 
             -0.03449               0.24341              -0.10662 
              0.00203               0.26745              -0.09283 
              0.03231               0.27970              -0.08610 
              0.04576               0.29234              -0.01193 
              0.04846               0.28982               0.08405 
              0.03604               0.25330               0.09547 
              0.00929               0.20447               0.05316 
             -0.01237               0.16674               0.05178 
             -0.03366               0.13146               0.13382 
             -0.05057               0.06338               0.21791 
             -0.03774              -0.04592               0.18371 
              0.00107              -0.16490               0.08374 
              0.04753              -0.26361               0.02343 
              0.08581              -0.32498               0.00719 
              0.10317              -0.33306              -0.01695 
              0.08971              -0.30303              -0.05956 
              0.04682              -0.26601              -0.09505 
             -0.01099              -0.24134              -0.09960 
             -0.05965              -0.23097              -0.08906 
             -0.07957              -0.22289              -0.12452 
             -0.07138              -0.20793              -0.19191 
             -0.04552              -0.18985              -0.20151 
             -0.00532              -0.16341              -0.11931 
              0.04029              -0.11140               0.00425 
              0.06365              -0.02847               0.07392 
              0.05058               0.05875               0.05456 
              0.01485               0.13146               0.04293 
             -0.02962               0.20488               0.13156 
             -0.07093               0.28372               0.24267 
             -0.09023               0.33164               0.23833 
             -0.08237               0.34197               0.15030 
             -0.05836               0.33054               0.08671 
             -0.02527               0.30607               0.08812 
              0.01022               0.24899               0.06564 
              0.04775               0.17928              -0.04170 
              0.07093               0.12863              -0.15219 
              0.07070               0.09691              -0.19195 
              0.05610               0.07992              -0.16631 
              0.02564               0.06444              -0.14888 
             -0.01611               0.02872              -0.19229 
             -0.04682              -0.02698              -0.21887 
             -0.05627              -0.10696              -0.14708 
             -0.03923              -0.21815               0.00111 
              0.01071              -0.32112               0.11175 
              0.07048              -0.35761               0.09717 
              0.10703              -0.35621               0.07276 
              0.11115              -0.34773               0.13867 
              0.07616              -0.30995               0.22844 
              0.00749              -0.24850               0.25073 
             -0.05516              -0.17153               0.15928 
             -0.08642              -0.10727               0.07275 
             -0.08528              -0.06303               0.05570 
             -0.05743              -0.02822               0.02811 
             -0.02580               0.01782              -0.06914 
             -0.00514               0.06792              -0.17456 
              0.01201               0.10768              -0.20144 
              0.02417               0.15220              -0.14552 
              0.02615               0.21027              -0.08549 
              0.01769               0.25260              -0.08600 
             -0.00210               0.27054              -0.12469 
             -0.03090               0.29511              -0.12932 
             -0.06376               0.33303              -0.06929 
             -0.09358               0.35252               0.02162 
             -0.09458               0.32540               0.07947 
             -0.04610               0.24878               0.09070 
              0.02850               0.13990               0.12763 
              0.10011               0.03640               0.17133 
              0.13299              -0.03355               0.14926 
              0.10530              -0.06871               0.08243 
              0.03971              -0.08333               0.04305 
             -0.02422              -0.11252               0.06963 
             -0.06262              -0.16801               0.10239 
             -0.06190              -0.22266               0.05723 
             -0.02728              -0.26900              -0.04513 
              0.01479              -0.30292              -0.12416 
              0.04175              -0.32324              -0.13185 
              0.05285              -0.33046              -0.10820 
              0.05459              -0.31379              -0.12360 
              0.05096              -0.26964              -0.15435 
              0.03772              -0.21557              -0.14547 
              0.01347              -0.15824              -0.09521 
             -0.01770              -0.08628              -0.03414 
             -0.05505               0.00412              -0.00330 
             -0.09020               0.08810               0.00636 
             -0.10317               0.15496               0.05470 
             -0.07922               0.20403               0.14440 
             -0.02250               0.22066               0.19617 
              0.04277               0.20867               0.17122 
              0.08243               0.21310               0.14165 
              0.07805               0.24943               0.16018 
              0.02425               0.29029               0.16180 
             -0.03930               0.30941               0.07849 
             -0.07479               0.29657              -0.05015 
             -0.08230               0.25731              -0.13924 
             -0.06487               0.20738              -0.16098 
             -0.02284               0.14262              -0.15198 
              0.02690               0.05695              -0.15915 
              0.06295              -0.03048              -0.17651 
              0.07974              -0.10159              -0.17180 
              0.08178              -0.15720              -0.13307 
              0.06991              -0.20173              -0.06631 
              0.04252              -0.22807              -0.02007 
              0.00757              -0.24566               0.01579 
             -0.02762              -0.26750               0.10293 
             -0.06016              -0.28293               0.20159 
             -0.07142              -0.29117               0.25668 
             -0.04764              -0.27653               0.22328 
             -0.00139              -0.24229               0.13524 
              0.05018              -0.21365               0.09012 
              0.08801              -0.17753               0.06306 
              0.08753              -0.12553               0.02584 
              0.04726              -0.05510              -0.01878 
             -0.01384               0.03324              -0.07243 
             -0.07151               0.12491              -0.10876 
             -0.10310               0.19843              -0.14033 
             -0.09966               0.24453              -0.18579 
             -0.07220               0.27440              -0.20638 
             -0.03044               0.29878              -0.16409 
              0.01926               0.30575              -0.07664 
              0.05814               0.28807              -0.00150 
              0.06844               0.25338               0.01945 
              0.05304               0.21729               0.01367 
              0.01949               0.20080               0.04239 
             -0.02784               0.20613               0.11055 
             -0.06541               0.18929               0.14044 
             -0.07382               0.13479               0.12307 
             -0.05915               0.06078               0.11711 
             -0.02599              -0.03206               0.13086 
              0.02008              -0.13053               0.13037 
              0.06094              -0.20593               0.08057 
              0.08734              -0.25429              -0.00242 
              0.09410              -0.29524              -0.04455 
              0.07674              -0.33007              -0.03659 
              0.03916              -0.34223              -0.05517 
             -0.00654              -0.32183              -0.12327 
             -0.04752              -0.28016              -0.18100 
             -0.07214              -0.23465              -0.17955 
             -0.06920              -0.19254              -0.11988 
             -0.03596              -0.14664              -0.06805 
              0.01726              -0.09630              -0.07449 
              0.06962              -0.05862              -0.07789 
              0.09043              -0.03023              -0.03866 
              0.07154               0.01127               0.04506 
              0.02182               0.07679               0.14379 
             -0.04466               0.16420               0.17683 
             -0.09411               0.26309               0.17702 
             -0.10696               0.34088               0.19273 
             -0.08835               0.37064               0.18644 
             -0.05159               0.35238               0.12964 
             -0.01461               0.29469               0.03920 
              0.01923               0.24159              -0.00993 
              0.04815               0.19938              -0.02530 
              0.06299               0.15686              -0.05903 
              0.05732               0.11583              -0.13357 
              0.03456               0.07575              -0.21003 
              0.00331               0.03107              -0.23087 
             -0.03082              -0.01896              -0.20304 
             -0.05917              -0.07011              -0.16040 
             -0.06782              -0.12310              -0.10727 
             -0.04351              -0.17168              -0.04037 
              0.01545              -0.22028               0.04911 
              0.07798              -0.27822               0.14192 
              0.11252              -0.31525               0.16327 
              0.10951              -0.33376               0.13126 
              0.06517              -0.34928               0.13826 
             -0.00234              -0.33591               0.19317 
             -0.06021              -0.26785               0.21294 
             -0.08174              -0.15766               0.16191 
             -0.06681              -0.04593               0.04724 
             -0.03564               0.02641              -0.05732 
             -0.00304               0.06210              -0.09595 
              0.01633               0.08588              -0.12201 
              0.02811               0.10583              -0.14992 
              0.03641               0.13484              -0.15229 
              0.02777               0.18593              -0.13775 
              0.01145               0.24360              -0.11788 
             -0.00571               0.28672              -0.10807 
             -0.03498               0.31228              -0.10560 
             -0.06781               0.31666              -0.08125 
             -0.08742               0.31663               0.00685 
             -0.08241               0.29901               0.11159 
             -0.03825               0.24292               0.13576 
              0.02878               0.17957               0.11443 
              0.08561               0.10337               0.09998 
              0.10774               0.01646               0.12273 
              0.07953              -0.07218               0.15066 
              0.01726              -0.15131               0.11845 
             -0.03855              -0.19691               0.05856 
             -0.06488              -0.21444               0.02612 
             -0.06282              -0.21778               0.00632 
             -0.03228              -0.22160              -0.02502 
              0.00703              -0.23241              -0.07473 
              0.03433              -0.25784              -0.11325 
              0.05231              -0.29276              -0.12865 
              0.06051              -0.31472              -0.12897 
              0.05471              -0.30537              -0.13147 
              0.04017              -0.26126              -0.15553 
              0.02105              -0.18809              -0.14843 
             -0.00854              -0.09574              -0.06705 
             -0.04744               0.00241               0.02779 
             -0.07741               0.08626               0.08309 
             -0.07913               0.14568               0.08791 
             -0.04846               0.18226               0.09207 
              0.00669               0.21621               0.15124 
              0.05997               0.25549               0.20129 
              0.08265               0.28069               0.17603 
              0.06904               0.28249               0.11590 
              0.01481               0.28227               0.10648 
             -0.04999               0.26900               0.10325 
             -0.08545               0.23518               0.02084 
             -0.08660               0.19707              -0.11526 
             -0.06350               0.16339              -0.21255 
             -0.02400               0.13814              -0.21785 
              0.01844               0.10847              -0.15970 
              0.04928               0.04824              -0.11681 
              0.06396              -0.04159              -0.12735 
              0.06208              -0.13365              -0.15000 
              0.04498              -0.21688              -0.11537 
              0.01878              -0.28442              -0.01965 
             -0.00884              -0.31528               0.06788 
             -0.03489              -0.30094               0.11427 
             -0.05560              -0.26565               0.15915 
             -0.05845              -0.24457               0.23826 
             -0.03078              -0.23993               0.26632 
              0.02002              -0.22892               0.16809 
              0.06537              -0.20334               0.04485 
              0.09314              -0.16763               0.00526 
              0.09077              -0.11493               0.04249 
              0.04649              -0.03769               0.03602 
             -0.01629               0.03306              -0.07006 
             -0.06466               0.08512              -0.17759 
             -0.09097               0.13343              -0.20315 
             -0.08856               0.19048              -0.15800 
             -0.05491               0.25380              -0.10331 
             -0.00874               0.29871              -0.09537 
              0.03184               0.32200              -0.11513 
              0.06113               0.34135              -0.09030 
              0.06907               0.33666              -0.00389 
              0.04703               0.28393               0.07400 
              0.00348               0.20009               0.08315 
             -0.04185               0.12283               0.07937 
             -0.07569               0.08282               0.12297 
             -0.09183               0.07731               0.17901 
             -0.07467               0.06630               0.15804 
             -0.02969               0.02117               0.06928 
              0.01838              -0.06407               0.02458 
              0.06600              -0.18029               0.05460 
              0.09918              -0.28063               0.07818 
              0.09689              -0.32139               0.01705 
              0.06695              -0.31678              -0.08049 
              0.02132              -0.30243              -0.12877 
             -0.02835              -0.28909              -0.12292 
             -0.06340              -0.27337              -0.10815 
             -0.07308              -0.24315              -0.13707 
             -0.05766              -0.21111              -0.16379 
             -0.01551              -0.17714              -0.11692 
              0.04287              -0.12519              -0.02652 
              0.08628              -0.05775               0.01343 
              0.09349               0.01219              -0.01842 
              0.06609               0.06719              -0.03665 
              0.01183               0.10546               0.05014 
             -0.05251               0.14470               0.21443 
             -0.09702               0.19032               0.28125 
             -0.09759               0.23775               0.19246 
             -0.06980               0.29601               0.09986 
             -0.03844               0.35067               0.08037 
             -0.00035               0.37328               0.08685 
              0.02636               0.33358               0.03037 
              0.03919               0.24754              -0.07747 
              0.04911               0.16094              -0.12248 
              0.04284               0.09181              -0.11259 
              0.01533               0.04009              -0.12865 
             -0.01699               0.00124              -0.18702 
             -0.04514              -0.02222              -0.25022 
             -0.06675              -0.04783              -0.22312 
             -0.06943              -0.10370              -0.07928 
             -0.03638              -0.17568               0.06161 
              0.02489              -0.22885               0.08147 
              0.08231              -0.25631               0.02394 
              0.11725              -0.28327               0.05380 
              0.11719              -0.31741               0.20186 
              0.07110              -0.32642               0.28184 
             -0.00357              -0.29453               0.21563 
             -0.06121              -0.24385               0.09817 
             -0.07893              -0.20298               0.06189 
             -0.06579              -0.14852               0.08262 
             -0.02968              -0.05825               0.02466 
              0.00868               0.03944              -0.09072 
