           -519.53620               0.94494            -518.59126              76.14964 
           -518.86635               0.52442            -518.34193              42.26114 
           -519.25080               1.26496            -517.98584             101.93864 
           -519.25607               1.69669            -517.55938             136.73007 
           -519.25449               2.14188            -517.11261             172.60631 
           -519.21201               2.52046            -516.69155             203.11501 
           -518.51328               2.18626            -516.32702             176.18277 
           -518.11277               2.08515            -516.02762             168.03467 
           -518.55577               2.79624            -515.75953             225.33897 
           -519.08841               3.61861            -515.46979             291.61122 
           -519.28737               4.15392            -515.13345             334.74987 
           -519.60594               4.82280            -514.78314             388.65228 
           -519.77020               5.30304            -514.46716             427.35284 
           -519.76611               5.53827            -514.22784             446.30947 
           -519.93367               5.82216            -514.11151             469.18723 
           -519.72130               5.56065            -514.16065             448.11278 
           -519.26607               4.87542            -514.39065             392.89265 
           -519.10071               4.34119            -514.75952             349.84109 
           -518.72989               3.53912            -515.19078             285.20494 
           -518.50031               2.85439            -515.64592             230.02550 
           -518.65955               2.54578            -516.11377             205.15568 
           -518.78559               2.20823            -516.57735             177.95367 
           -518.65917               1.65900            -517.00017             133.69271 
           -518.54251               1.18836            -517.35415              95.76609 
           -518.75956               1.12345            -517.63611              90.53480 
           -519.21611               1.34908            -517.86703             108.71781 
           -519.79589               1.71361            -518.08228             138.09391 
           -519.99967               1.70883            -518.29083             137.70875 
           -519.77221               1.28765            -518.48457             103.76682 
           -519.66259               1.02843            -518.63415              82.87787 
           -519.57182               0.90834            -518.66348              73.19954 
           -519.56188               1.04566            -518.51622              84.26638 
           -519.36223               1.16541            -518.19682              93.91639 
           -519.01851               1.26375            -517.75476             101.84076 
           -518.71749               1.47742            -517.24008             119.05977 
           -518.52742               1.83584            -516.69157             147.94409 
           -518.64119               2.48879            -516.15240             200.56268 
           -518.68581               3.01852            -515.66729             243.25190 
           -518.65457               3.38568            -515.26889             272.83977 
           -518.94878               3.96838            -514.98040             319.79725 
           -519.10355               4.30543            -514.79812             346.95915 
           -519.12600               4.43212            -514.69388             357.16866 
           -519.78969               5.15758            -514.63211             415.63086 
           -520.34891               5.77308            -514.57583             465.23211 
           -520.05865               5.54747            -514.51119             447.05069 
           -519.70757               5.23909            -514.46848             422.19935 
           -519.49356               4.99050            -514.50306             402.16702 
           -519.10638               4.43561            -514.67077             357.44976 
           -518.79835               3.78244            -515.01592             304.81310 
           -518.89037               3.34415            -515.54622             269.49279 
           -518.61208               2.45707            -516.15501             198.00664 
           -518.46836               1.72385            -516.74451             138.91855 
           -519.15244               1.86939            -517.28305             150.64730 
           -519.48295               1.75747            -517.72548             141.62821 
           -519.54117               1.49700            -518.04418             120.63784 
           -519.49696               1.27116            -518.22580             102.43801 
           -519.46434               1.17850            -518.28584              94.97121 
           -519.48050               1.22313            -518.25736              98.56780 
           -519.58047               1.40415            -518.17631             113.15572 
           -519.82203               1.74632            -518.07572             140.72958 
           -519.74468               1.77993            -517.96475             143.43820 
           -519.41092               1.57629            -517.83464             127.02740 
           -519.17283               1.51871            -517.65412             122.38755 
           -518.98405               1.61301            -517.37103             129.98680 
           -518.95465               1.98818            -516.96646             160.22072 
           -518.97050               2.49646            -516.47404             201.18071 
           -518.91114               2.96927            -515.94187             239.28280 
           -518.69932               3.29950            -515.39982             265.89459 
           -519.09516               4.19939            -514.89578             338.41365 
           -519.82610               5.32330            -514.50280             428.98545 
           -519.96412               5.69063            -514.27349             458.58772 
           -520.10195               5.87325            -514.22870             473.30445 
           -520.06930               5.74049            -514.32881             462.60590 
           -519.87535               5.36966            -514.50569             432.72194 
           -519.99921               5.28843            -514.71078             426.17612 
           -519.79432               4.86959            -514.92473             392.42320 
           -519.19102               4.02825            -515.16277             324.62249 
           -518.71537               3.27914            -515.43623             264.25410 
           -518.59324               2.85185            -515.74139             229.82049 
           -518.72398               2.64784            -516.07614             213.38028 
           -518.96319               2.52264            -516.44055             203.29047 
           -519.16433               2.31531            -516.84902             186.58299 
           -519.19493               1.88703            -517.30790             152.06872 
           -519.56846               1.76885            -517.79961             142.54548 
           -519.95732               1.69026            -518.26706             136.21196 
           -519.88079               1.24820            -518.63259             100.58799 
           -520.09634               1.26172            -518.83463             101.67730 
           -520.29908               1.47615            -518.82293             118.95765 
           -520.01601               1.40319            -518.61283             113.07781 
           -519.97708               1.68421            -518.29287             135.72434 
           -519.96784               2.05062            -517.91722             165.25252 
           -519.49784               1.97716            -517.52068             159.33204 
           -519.26528               2.11419            -517.15109             170.37507 
           -519.33976               2.50985            -516.82991             202.26014 
           -518.86017               2.32866            -516.53150             187.65879 
           -518.65993               2.44054            -516.21939             196.67482 
           -519.20095               3.33315            -515.86780             268.60693 
           -519.39554               3.91907            -515.47647             315.82353 
           -519.52596               4.44196            -515.08400             357.96161 
           -519.93443               5.20501            -514.72942             419.45351 
           -520.03279               5.60249            -514.43030             451.48504 
           -520.18303               5.96495            -514.21809             480.69390 
           -520.53112               6.40073            -514.13039             515.81169 
           -520.52924               6.32711            -514.20214             509.87923 
           -520.08279               5.63572            -514.44707             454.16292 
           -519.91905               5.07327            -514.84577             408.83717 
           -519.74802               4.42143            -515.32659             356.30714 
           -519.36668               3.55863            -515.80805             286.77760 
           -519.18205               2.95183            -516.23022             237.87741 
           -519.16969               2.58994            -516.57975             208.71397 
           -519.30730               2.42903            -516.87827             195.74681 
           -519.61619               2.45621            -517.15998             197.93721 
           -520.03314               2.58362            -517.44952             208.20474 
           -520.19530               2.45933            -517.73598             198.18835 
           -520.22836               2.22526            -518.00310             179.32609 
           -520.36245               2.12560            -518.23685             171.29419 
           -520.27428               1.86815            -518.40613             150.54792 
           -520.08358               1.61735            -518.46623             130.33667 
           -520.03062               1.64883            -518.38179             132.87330 
           -520.10563               1.95029            -518.15534             157.16664 
           -520.28152               2.47040            -517.81112             199.08058 
           -520.07900               2.69301            -517.38599             217.01986 
           -519.58797               2.67235            -516.91562             215.35500 
           -519.55756               3.13755            -516.42001             252.84418 
           -519.48975               3.57350            -515.91625             287.97561 
           -519.57734               4.11537            -515.46197             331.64310 
           -519.81381               4.67538            -515.13843             376.77216 
           -519.83360               4.89133            -514.94227             394.17486 
           -520.43888               5.61353            -514.82535             452.37439 
           -520.85274               6.13176            -514.72099             494.13656 
           -521.09506               6.49024            -514.60482             523.02532 
           -520.98939               6.49581            -514.49358             523.47423 
           -520.32263               5.89123            -514.43140             474.75308 
           -520.30817               5.82368            -514.48450             469.30948 
           -520.24789               5.57391            -514.67398             449.18126 
           -519.91184               4.92303            -514.98881             396.72922 
           -519.86427               4.46414            -515.40013             359.74900 
           -519.64023               3.76232            -515.87790             303.19238 
           -519.62415               3.21385            -516.41030             258.99247 
           -519.79334               2.83852            -516.95482             228.74585 
           -520.00750               2.54638            -517.46112             205.20389 
           -520.20778               2.33659            -517.87119             188.29724 
           -520.29133               2.14401            -518.14732             172.77790 
           -520.56648               2.27358            -518.29291             183.21953 
           -520.94069               2.60626            -518.33443             210.02959 
           -521.20762               2.88724            -518.32038             232.67227 
           -521.18758               2.89736            -518.29022             233.48819 
           -521.18132               2.91835            -518.26297             235.17938 
           -520.74312               2.53635            -518.20677             204.39552 
           -520.20885               2.13691            -518.07194             172.20592 
           -520.37687               2.56006            -517.81680             206.30639 
           -520.22394               2.81500            -517.40894             226.85053 
           -519.93517               3.04708            -516.88809             245.55329 
           -520.11835               3.78033            -516.33803             304.64302 
           -520.08050               4.26436            -515.81614             343.64929 
           -520.07874               4.72565            -515.35309             380.82344 
           -520.44682               5.48848            -514.95833             442.29735 
           -520.63611               5.99457            -514.64155             483.08066 
           -520.77041               6.32763            -514.44278             509.92138 
           -521.05195               6.66199            -514.38996             536.86575 
           -521.43405               6.97208            -514.46197             561.85484 
           -521.54148               6.94200            -514.59948             559.43113 
           -521.32323               6.56859            -514.75464             529.33965 
           -521.28485               6.36900            -514.91584             513.25543 
           -520.81380               5.73223            -515.08157             461.93998 
           -520.23816               4.94758            -515.29058             398.70802 
           -520.34732               4.74641            -515.60091             382.49648 
           -520.21595               4.20875            -516.00720             339.16807 
           -520.50970               4.03022            -516.47948             324.78128 
           -520.90116               3.93847            -516.96269             317.38732 
           -520.90326               3.48372            -517.41955             280.74042 
           -521.06896               3.23221            -517.83675             260.47200 
           -521.29370               3.10391            -518.18979             250.13304 
           -521.28067               2.85050            -518.43018             229.71140 
           -521.24023               2.72074            -518.51949             219.25448 
           -521.39183               2.92750            -518.46433             235.91695 
           -521.28765               2.99952            -518.28813             241.72047 
           -521.26676               3.24491            -518.02185             261.49556 
           -521.54459               3.84172            -517.70286             309.59083 
           -521.25884               3.90096            -517.35788             314.36457 
           -520.94333               3.91918            -517.02415             315.83250 
           -520.80208               4.08045            -516.72163             328.82916 
           -520.49090               4.06177            -516.42913             327.32362 
           -520.61130               4.51147            -516.09984             363.56293 
           -521.05442               5.35528            -515.69914             431.56319 
           -521.16856               5.93074            -515.23782             477.93762 
           -521.48447               6.70634            -514.77813             540.43982 
           -522.02169               7.62462            -514.39707             614.44101 
           -522.02598               7.86973            -514.15625             634.19373 
           -521.94664               7.85890            -514.08774             633.32055 
           -522.12049               7.93747            -514.18303             639.65221 
           -521.96829               7.56184            -514.40645             609.38192 
           -521.55284               6.82513            -514.72771             550.01256 
           -521.23143               6.11816            -515.11327             493.04083 
           -521.13691               5.61053            -515.52638             452.13300 
           -521.01387               5.07564            -515.93823             409.02785 
           -520.87478               4.54744            -516.32734             366.46232 
           -520.91258               4.23159            -516.68099             341.00916 
           -521.02957               4.02535            -517.00422             324.38891 
           -521.35787               4.03903            -517.31884             325.49075 
           -521.90833               4.26429            -517.64404             343.64430 
           -522.17935               4.20142            -517.97792             338.57776 
           -522.22277               3.92392            -518.29885             316.21458 
           -522.28108               3.70258            -518.57850             298.37784 
           -522.46043               3.69361            -518.76682             297.65478 
           -522.45488               3.67511            -518.77977             296.16367 
           -522.11482               3.53697            -518.57785             285.03198 
           -522.05327               3.83877            -518.21449             309.35314 
           -521.86664               4.10153            -517.76510             330.52783 
           -521.64792               4.36335            -517.28457             351.62676 
           -521.76130               4.94820            -516.81310             398.75789 
           -521.42848               5.07690            -516.35158             409.12928 
           -521.36967               5.44804            -515.92162             439.03826 
           -521.52544               5.97583            -515.54962             481.57049 
           -521.59283               6.34511            -515.24772             511.33000 
           -521.94228               6.92374            -515.01854             557.95930 
           -522.18757               7.34996            -514.83761             592.30676 
           -522.59984               7.91274            -514.68710             637.65968 
           -523.01911               8.46688            -514.55224             682.31541 
           -523.00308               8.56866            -514.43442             690.51750 
           -522.95115               8.57569            -514.37545             691.08454 
           -522.73239               8.30642            -514.42597             669.38508 
           -522.41192               7.79001            -514.62191             627.76918 
           -522.29779               7.32820            -514.96959             590.55375 
           -522.01121               6.56708            -515.44413             529.21786 
           -521.77077               5.76518            -516.00559             464.59535 
           -521.98567               5.39736            -516.58831             434.95416 
           -522.41271               5.29102            -517.12170             426.38408 
           -522.75789               5.20602            -517.55188             419.53429 
           -523.05214               5.20455            -517.84759             419.41605 
           -523.22364               5.20785            -518.01579             419.68191 
           -523.62867               5.52579            -518.10288             445.30390 
           -524.03393               5.88591            -518.14802             474.32445 
           -524.15291               5.98086            -518.17205             481.97604 
           -524.50760               6.32363            -518.18398             509.59863 
           -524.98647               6.81629            -518.17018             549.30077 
           -525.24366               7.13654            -518.10712             575.10796 
           -525.80415               7.82991            -517.97424             630.98455 
           -526.80804               9.05914            -517.74890             730.04380 
           -527.72790              10.31283            -517.41507             831.07430 
           -528.84694              11.84200            -517.00494             954.30489 
           -529.97024              13.39606            -516.57418            1079.54066 
           -530.75921              14.59496            -516.16426            1176.15570 
           -531.54817              15.75172            -515.79645            1269.37496 
           -532.17022              16.70333            -515.46688            1346.06213 
           -532.98255              17.80481            -515.17774            1434.82643 
           -534.41650              19.45550            -514.96100            1567.84933 
           -533.69042              18.91778            -514.77264            1524.51695 
           -532.74147              18.14407            -514.59740            1462.16600 
           -532.03414              17.62285            -514.41129            1420.16276 
           -530.07176              15.87225            -514.19951            1279.08849 
           -529.04454              15.00959            -514.03495            1209.56942 
           -527.34209              13.46002            -513.88207            1084.69518 
           -527.15448              13.32340            -513.83108            1073.68517 
           -524.98049              11.11568            -513.86481             895.77335 
           -523.40426               9.29451            -514.10975             749.01111 
           -522.93153               8.29929            -514.63223             668.81041 
           -524.81192               9.50196            -515.30996             765.72941 
           -524.50876               8.74131            -515.76745             704.43112 
           -526.09897               9.97623            -516.12274             803.94847 
           -530.71689              14.07570            -516.64119            1134.31036 
           -533.46495              16.00778            -517.45717            1290.00993 
           -536.95335              18.52506            -518.42829            1492.86897 
           -534.86168              15.64375            -519.21793            1260.67393 
           -534.49708              14.47335            -520.02373            1166.35585 
           -538.76967              17.85169            -520.91798            1438.60425 
           -536.24981              14.57330            -521.67651            1174.41027 
           -535.53381              13.09234            -522.44147            1055.06513 
           -540.70736              17.27593            -523.43143            1392.20587 
           -540.02613              15.49677            -524.52936            1248.82962 
           -535.87957              10.44543            -525.43414             841.76001 
           -536.71381              10.63356            -526.08025             856.92045 
           -541.49924              14.88798            -526.61126            1199.76903 
           -541.55945              14.41286            -527.14659            1161.48120 
           -536.22979               8.47299            -527.75680             682.80831 
           -537.02690               8.55973            -528.46717             689.79794 
           -539.61921              10.63441            -528.98480             856.98947 
           -537.91736               8.71720            -529.20015             702.48825 
           -535.78929               6.52588            -529.26342             525.89734 
           -535.59773               6.29028            -529.30745             506.91125 
           -537.04137               7.62307            -529.41830             614.31619 
           -539.19924               9.53441            -529.66483             768.34389 
           -540.24302              10.21312            -530.02990             823.03861 
           -539.50667               9.07329            -530.43337             731.18435 
           -539.32617               8.46794            -530.85823             682.40091 
           -539.48277               8.19085            -531.29192             660.07128 
           -538.24987               6.58138            -531.66849             530.37019 
           -539.93418               8.00503            -531.92914             645.09709 
           -542.42479              10.46312            -531.96167             843.18565 
           -538.32525               6.68760            -531.63766             538.92952 
           -538.11308               7.01670            -531.09638             565.45094 
           -542.17450              11.71633            -530.45817             944.17707 
           -541.59666              11.74887            -529.84779             946.79990 
           -540.98370              11.50894            -529.47477             927.46418 
           -540.37269              11.10037            -529.27232             894.53913 
           -543.67008              14.52932            -529.14075            1170.86642 
           -545.18938              16.55277            -528.63662            1333.92857 
           -548.03681              19.98840            -528.04841            1610.79419 
           -549.87467              22.16961            -527.70506            1786.57009 
           -547.52768              20.01037            -527.51731            1612.56438 
           -547.11744              19.68172            -527.43573            1586.07938 
           -552.59426              25.05931            -527.53495            2019.44022 
           -549.93656              22.13984            -527.79673            1784.17063 
           -542.01750              13.61896            -528.39855            1097.50319 
           -543.71594              14.51810            -529.19784            1169.96165 
           -549.20498              19.55235            -529.65263            1575.65439 
           -544.62262              14.81122            -529.81139            1193.58388 
           -539.59748               9.78013            -529.81734             788.14619 
           -549.73395              19.74895            -529.98501            1591.49751 
           -547.26414              17.14108            -530.12306            1381.33891 
           -537.06694               6.80555            -530.26139             548.43531 
           -540.22000              10.26820            -529.95180             827.47771 
           -546.21183              17.06069            -529.15114            1374.86002 
           -541.15284              12.90823            -528.24461            1040.22810 
           -537.53082              10.35622            -527.17459             834.57110 
           -542.44103              16.28040            -526.16063            1311.97928 
           -541.69223              16.41501            -525.27722            1322.82690 
           -536.95865              12.57067            -524.38797            1013.02584 
           -536.28125              12.87245            -523.40880            1037.34486 
           -539.54077              17.14787            -522.39290            1381.88561 
           -540.27355              18.45582            -521.81773            1487.28870 
           -536.15788              14.62939            -521.52849            1178.93018 
           -538.45674              17.12046            -521.33627            1379.67699 
           -543.61343              22.65178            -520.96166            1825.42598 
           -542.09399              22.27415            -519.81985            1794.99421 
           -539.59365              21.63854            -517.95511            1743.77290 
           -539.29114              22.49975            -516.79140            1813.17439 
           -545.36644              29.06536            -516.30108            2342.27408 
           -535.27438              19.54544            -515.72895            1575.09708 
           -535.84317              20.31642            -515.52676            1637.22774 
           -537.07304              21.65861            -515.41443            1745.39029 
           -535.68591              20.40565            -515.28025            1644.41908 
           -533.94801              19.18821            -514.75980            1546.30969 
           -533.80043              19.89251            -513.90792            1603.06676 
           -530.12566              16.71593            -513.40973            1347.07750 
           -527.24216              13.98761            -513.25454            1127.21196 
           -527.30244              14.09801            -513.20442            1136.10871 
           -526.44560              13.32630            -513.11930            1073.91916 
           -525.01840              11.98612            -513.03228             965.91899 
           -522.25346               9.29282            -512.96063             748.87544 
           -524.37178              11.34149            -513.03029             913.97070 
           -521.92076               8.86179            -513.05897             714.13980 
           -520.16775               7.07708            -513.09067             570.31665 
           -521.62254               8.51384            -513.10870             686.10031 
           -521.79093               8.82820            -512.96274             711.43284 
           -520.08302               7.59548            -512.48753             612.09289 
           -517.95490               6.09985            -511.85505             491.56481 
           -518.79531               7.45929            -511.33601             601.11796 
           -519.66443               8.80586            -510.85856             709.63318 
           -519.10665               8.79055            -510.31610             708.39919 
           -517.79884               8.14043            -509.65840             656.00851 
           -518.72216               9.66226            -509.05990             778.64746 
           -518.04319               9.55221            -508.49097             769.77887 
           -519.63725              11.70876            -507.92849             943.56766 
           -522.09457              14.79081            -507.30376            1191.93860 
           -522.65967              15.82114            -506.83853            1274.96942 
           -521.66126              14.93559            -506.72566            1203.60614 
           -519.98649              13.17596            -506.81053            1061.80375 
           -522.22596              15.16429            -507.06167            1222.03586 
           -524.22933              16.75787            -507.47146            1350.45720 
           -525.85317              17.88052            -507.97265            1440.92743 
           -526.25121              18.01912            -508.23210            1452.09659 
           -525.72668              17.43275            -508.29392            1404.84361 
           -526.42010              18.01120            -508.40891            1451.45831 
           -530.35160              21.59954            -508.75206            1740.63045 
           -531.13987              21.87467            -509.26520            1762.80148 
           -530.96993              21.12190            -509.84803            1702.13879 
           -532.83445              22.32598            -510.50847            1799.17117 
           -530.85463              19.63999            -511.21465            1582.71654 
           -531.13202              19.06138            -512.07065            1536.08863 
           -533.37968              20.42799            -512.95169            1646.21928 
           -533.65964              20.14676            -513.51288            1623.55585 
           -536.77531              22.73192            -514.04339            1831.88461 
           -536.28943              21.68774            -514.60169            1747.73787 
           -538.60491              23.32932            -515.27559            1880.02700 
           -536.94767              21.05117            -515.89651            1696.43849 
           -534.83743              18.33072            -516.50671            1477.20753 
           -535.62166              18.56589            -517.05577            1496.15918 
           -541.52524              23.77542            -517.74982            1915.97648 
           -541.00345              22.35548            -518.64797            1801.54847 
           -536.42625              16.97088            -519.45537            1367.62309 
           -539.37777              19.55954            -519.81823            1576.23411 
           -538.80117              19.04022            -519.76095            1534.38345 
           -535.65292              16.01187            -519.64105            1290.33963 
           -537.01490              17.31379            -519.70111            1395.25681 
           -537.69420              17.60700            -520.08720            1418.88585 
           -534.48324              13.79112            -520.69212            1111.37702 
           -538.53123              17.40142            -521.12981            1402.31814 
           -541.96970              20.85546            -521.11425            1680.66693 
           -542.23372              21.34798            -520.88574            1720.35790 
           -537.79083              17.30362            -520.48721            1394.43685 
           -538.91367              18.85317            -520.06050            1519.30981 
           -545.88929              26.09875            -519.79055            2103.20532 
           -542.72997              22.96453            -519.76544            1850.62980 
           -541.14761              20.99848            -520.14913            1692.19255 
           -543.34418              22.63154            -520.71264            1823.79506 
           -542.18278              20.90757            -521.27521            1684.86646 
           -542.29902              20.43593            -521.86309            1646.85863 
           -544.51411              22.17073            -522.34338            1786.66041 
           -545.20870              22.44437            -522.76433            1808.71227 
           -538.65138              15.74664            -522.90474            1268.96584 
           -540.51853              17.52465            -522.99388            1412.24906 
           -541.74956              18.65554            -523.09402            1503.38369 
           -540.25241              16.98930            -523.26310            1369.10762 
           -538.74614              15.36542            -523.38071            1238.24490 
           -541.87901              18.46115            -523.41786            1487.71847 
           -538.63733              15.46655            -523.17077            1246.39449 
           -537.81199              15.03302            -522.77896            1211.45784 
           -539.84551              17.40866            -522.43685            1402.90197 
           -534.99611              12.93367            -522.06244            1042.27883 
           -535.90027              14.07078            -521.82949            1133.91412 
           -536.10499              14.40251            -521.70248            1160.64692 
           -534.05598              12.41019            -521.64579            1000.09302 
           -533.98278              12.46691            -521.51587            1004.66405 
           -533.53142              12.26729            -521.26414             988.57703 
           -529.90090               8.97772            -520.92318             723.48254 
           -531.38205              10.85605            -520.52600             874.85033 
           -533.55684              13.45475            -520.10209            1084.27050 
           -533.97259              14.23312            -519.73947            1146.99619 
           -533.88370              14.58725            -519.29645            1175.53438 
           -533.41184              14.68355            -518.72829            1183.29494 
           -531.40109              13.43975            -517.96134            1083.06175 
           -535.98151              18.66076            -517.32074            1503.80461 
           -537.06997              20.25144            -516.81853            1631.99130 
           -534.37536              18.10297            -516.27240            1458.85369 
           -535.47215              19.55582            -515.91633            1575.93423 
           -533.34422              17.75867            -515.58555            1431.10806 
           -534.18058              19.08982            -515.09076            1538.38035 
           -536.57652              21.84901            -514.72751            1760.73375 
           -530.83057              16.59737            -514.23320            1337.52313 
           -533.48723              19.56380            -513.92343            1576.57684 
           -532.32955              18.59034            -513.73922            1498.12912 
           -530.01957              16.47837            -513.54120            1327.93348 
           -528.83772              15.48262            -513.35510            1247.68921 
           -528.72729              15.62590            -513.10138            1259.23569 
           -528.95978              16.37728            -512.58250            1319.78669 
           -524.67972              13.12034            -511.55939            1057.32137 
           -523.42143              13.28949            -510.13194            1070.95236 
           -528.99102              20.25545            -508.73557            1632.31463 
           -525.31341              17.45692            -507.85649            1406.79080 
           -520.79849              13.67450            -507.12399            1101.97920 
           -524.00067              17.81828            -506.18239            1435.91215 
           -522.49099              17.65938            -504.83161            1423.10666 
           -519.30117              15.88642            -503.41475            1280.23000 
           -519.90710              17.66500            -502.24210            1423.55933 
           -520.26583              19.00877            -501.25706            1531.84900 
           -519.06894              18.65797            -500.41098            1503.57902 
           -519.43203              19.67689            -499.75514            1585.69042 
           -518.45830              19.31877            -499.13953            1556.83062 
           -517.74374              19.54775            -498.19599            1575.28348 
           -515.91843              19.25525            -496.66318            1551.71189 
           -515.98864              20.55416            -495.43448            1656.38637 
           -518.18726              23.49954            -494.68772            1893.74437 
           -517.79688              23.55961            -494.23727            1898.58519 
           -513.66423              19.85464            -493.80959            1600.01505 
           -514.69406              21.26455            -493.42952            1713.63402 
           -514.66646              21.62312            -493.04335            1742.53006 
           -514.46453              21.72248            -492.74205            1750.53720 
           -512.59556              20.06253            -492.53302            1616.76822 
           -511.22956              18.81265            -492.41692            1516.04422 
           -510.55748              18.19550            -492.36197            1466.31086 
           -509.97797              17.60311            -492.37485            1418.57220 
           -508.60215              16.25284            -492.34931            1309.75850 
           -509.37912              17.03527            -492.34385            1372.81173 
           -508.43005              16.05361            -492.37644            1293.70327 
           -507.89407              15.47622            -492.41785            1247.17383 
           -507.79146              15.38108            -492.41038            1239.50647 
           -507.46127              15.09534            -492.36593            1216.47982 
           -507.02394              14.75786            -492.26608            1189.28353 
           -505.36476              13.32330            -492.04147            1073.67699 
           -505.72866              13.87264            -491.85602            1117.94641 
           -507.16880              15.46002            -491.70878            1245.86794 
           -506.52645              14.99420            -491.53225            1208.32936 
           -505.88049              14.48546            -491.39503            1167.33179 
           -506.45151              15.10507            -491.34644            1217.26372 
           -506.45486              15.12907            -491.32578            1219.19807 
           -506.96419              15.66776            -491.29644            1262.60884 
           -506.51290              15.31148            -491.20142            1233.89756 
           -507.88710              16.82944            -491.05766            1356.22483 
           -510.77579              19.88427            -490.89152            1602.40223 
           -511.47089              20.81952            -490.65136            1677.77136 
           -512.32014              21.92063            -490.39951            1766.50561 
           -514.24506              24.07167            -490.17340            1939.84984 
           -515.79325              25.79033            -490.00292            2078.35124 
           -519.13990              29.14320            -489.99670            2348.54661 
           -520.57217              30.49179            -490.08039            2457.22459 
           -520.27850              30.01975            -490.25876            2419.18443 
           -517.44405              27.00467            -490.43938            2176.21063 
           -519.82939              29.17385            -490.65554            2351.01690 
           -525.16339              34.48508            -490.67831            2779.02971 
           -528.74760              38.19555            -490.55205            3078.04316 
           -529.88837              39.45587            -490.43250            3179.60816 
           -527.28512              36.95097            -490.33415            2977.74713 
           -529.42674              39.08118            -490.34556            3149.41354 
           -533.59266              42.97105            -490.62161            3462.88405 
           -528.30530              37.47529            -490.83001            3019.99988 
           -526.98713              35.93826            -491.04887            2896.13650 
           -535.05323              43.76674            -491.28649            3527.00551 
           -531.23856              39.91761            -491.32095            3216.81840 
           -528.23303              36.89283            -491.34020            2973.06188 
           -528.07072              36.66774            -491.40298            2954.92297 
           -526.14332              34.62578            -491.51754            2790.36843 
           -527.57468              35.98290            -491.59178            2899.73399 
           -529.28177              37.49896            -491.78281            3021.90796 
           -531.17455              39.03841            -492.13614            3145.96634 
           -521.85049              29.66189            -492.18859            2390.34634 
           -521.47683              29.19644            -492.28039            2352.83712 
           -525.47135              33.21433            -492.25702            2676.62425 
           -524.61448              32.81927            -491.79521            2644.78819 
           -525.62861              34.35866            -491.26995            2768.84202 
           -520.52812              30.03813            -490.48999            2420.66615 
           -530.93851              41.21438            -489.72413            3321.32051 
           -529.60211              40.84917            -488.75293            3291.88942 
           -525.00836              36.88693            -488.12143            2972.58643 
           -522.85096              35.06668            -487.78427            2825.89929 
           -524.61903              36.99364            -487.62539            2981.18549 
           -525.12181              37.52392            -487.59789            3023.91916 
           -525.51190              37.99550            -487.51640            3061.92216 
           -531.62600              44.19776            -487.42825            3561.73996 
           -525.89237              38.73671            -487.15566            3121.65354 
           -523.40157              36.79875            -486.60282            2965.48034 
           -527.25819              41.40489            -485.85330            3336.67280 
           -524.65693              39.56983            -485.08710            3188.79163 
           -523.10147              38.60039            -484.50108            3110.66773 
           -521.09959              37.04029            -484.05929            2984.94555 
           -518.25741              34.71529            -483.54212            2797.58190 
           -516.96496              34.17417            -482.79079            2753.97454 
           -515.88953              33.64338            -482.24615            2711.20026 
           -515.83030              33.94346            -481.88684            2735.38283 
           -512.61623              30.90994            -481.70629            2490.92191 
           -511.68692              29.97922            -481.70770            2415.91883 
           -506.95035              25.23190            -481.71846            2033.34863 
           -505.63620              23.84844            -481.78776            1921.86117 
           -504.42016              22.56907            -481.85109            1818.76070 
           -505.37236              23.41796            -481.95440            1887.17035 
           -504.92399              22.88439            -482.03960            1844.17135 
           -502.14811              20.06096            -482.08715            1616.64115 
           -500.41732              18.31257            -482.10475            1475.74475 
           -498.90368              16.81946            -482.08421            1355.42082 
           -501.93958              19.76102            -482.17856            1592.47024 
           -503.60106              21.31487            -482.28619            1717.68952 
           -501.62288              19.37229            -482.25060            1561.14361 
           -502.07256              19.94149            -482.13107            1607.01397 
           -503.89446              21.91399            -481.98047            1765.97074 
           -502.66701              20.89692            -481.77009            1684.00875 
           -501.95230              20.52093            -481.43138            1653.70849 
           -502.10349              20.93309            -481.17040            1686.92318 
           -503.36759              22.32789            -481.03970            1799.32526 
           -503.33595              22.37045            -480.96551            1802.75463 
           -504.70447              23.70887            -480.99560            1910.61324 
           -505.61653              24.68417            -480.93236            1989.20928 
           -505.11457              24.22639            -480.88818            1952.31858 
           -504.58822              23.77428            -480.81394            1915.88449 
           -507.25336              26.60369            -480.64967            2143.89698 
           -507.98763              27.57529            -480.41234            2222.19441 
           -507.64474              27.50012            -480.14461            2216.13705 
           -507.26426              27.38957            -479.87470            2207.22775 
           -506.11934              26.49039            -479.62895            2134.76619 
           -508.00953              28.49288            -479.51665            2296.13979 
           -508.13896              28.69508            -479.44388            2312.43436 
           -507.77147              28.30145            -479.47002            2280.71335 
           -506.83807              27.36917            -479.46890            2205.58438 
           -512.24384              32.78325            -479.46059            2641.88542 
           -509.54028              30.30867            -479.23160            2442.46825 
           -513.74050              34.54767            -479.19283            2784.07368 
           -512.87707              33.91892            -478.95815            2733.40509 
           -512.31359              33.42236            -478.89123            2693.38939 
           -513.85752              34.76080            -479.09673            2801.24877 
           -516.33283              36.82540            -479.50743            2967.62779 
           -517.25758              37.21976            -480.03782            2999.40789 
           -516.86148              36.31081            -480.55067            2926.15883 
           -518.88634              38.02754            -480.85880            3064.50432 
           -517.60926              36.51417            -481.09509            2942.54688 
           -523.44351              42.03651            -481.40700            3387.57270 
           -520.38396              38.81831            -481.56565            3128.22971 
           -522.94251              41.00199            -481.94052            3304.20466 
           -516.66378              34.43490            -482.22888            2774.98635 
           -516.87112              34.29844            -482.57268            2763.98928 
           -519.77411              36.83353            -482.94058            2968.28321 
           -518.46171              34.95651            -483.50520            2817.02040 
           -520.18621              35.76201            -484.42419            2881.93332 
           -516.30845              31.21357            -485.09489            2515.39033 
           -523.74125              37.97907            -485.76218            3060.59807 
           -520.66633              34.59821            -486.06812            2788.14701 
           -514.49985              28.28852            -486.21132            2279.67145 
           -522.34142              35.67141            -486.67001            2874.63179 
           -522.26223              34.78387            -487.47837            2803.10791 
           -521.84723              33.05933            -488.78790            2664.13369 
           -523.02006              33.38453            -489.63553            2690.34049 
           -524.23480              34.01775            -490.21705            2741.36968 
           -526.17758              35.66399            -490.51359            2874.03419 
           -526.36668              35.75468            -490.61200            2881.34271 
           -524.16164              33.73361            -490.42802            2718.47182 
           -520.82529              31.06542            -489.75988            2503.45134 
           -524.32718              35.08517            -489.24202            2827.38870 
           -517.89554              29.19037            -488.70517            2352.34796 
           -521.28619              32.82598            -488.46021            2645.32882 
           -519.03706              30.91079            -488.12627            2490.99028 
           -518.80444              31.02365            -487.78078            2500.08582 
           -523.26604              35.80487            -487.46118            2885.38669 
