           -530.08867               0.96544            -529.12323              77.80105 
           -529.59711               0.68439            -528.91272              55.15257 
           -530.17053               1.54147            -528.62905             124.22175 
           -530.07078               1.75916            -528.31161             141.76463 
           -529.95397               1.95663            -527.99733             157.67822 
           -529.93593               2.24766            -527.68826             181.13121 
           -529.34585               1.96904            -527.37680             158.67801 
           -529.23098               2.15904            -527.07194             173.98955 
           -529.62440               2.86203            -526.76236             230.64117 
           -529.78119               3.34123            -526.43996             269.25793 
           -530.04937               3.91783            -526.13154             315.72362 
           -530.29833               4.42101            -525.87732             356.27317 
           -530.33874               4.64214            -525.69660             374.09351 
           -530.57881               4.98649            -525.59232             401.84379 
           -530.41119               4.85372            -525.55747             391.14369 
           -530.00506               4.40028            -525.60478             354.60251 
           -529.99420               4.24722            -525.74698             342.26809 
           -529.84270               3.86664            -525.97606             311.59898 
           -529.65950               3.37466            -526.28484             271.95214 
           -529.62503               2.96452            -526.66051             238.90004 
           -529.45961               2.37772            -527.08189             191.61172 
           -529.52945               2.02128            -527.50818             162.88765 
           -529.66327               1.78311            -527.88016             143.69458 
           -529.52384               1.34204            -528.18180             108.15024 
           -529.71134               1.28694            -528.42439             103.71017 
           -530.20223               1.57678            -528.62545             127.06729 
           -530.28869               1.47601            -528.81268             118.94678 
           -530.31801               1.31780            -529.00021             106.19642 
           -530.32548               1.16330            -529.16218              93.74623 
           -530.20832               0.96106            -529.24726              77.44844 
           -530.31642               1.11625            -529.20017              89.95457 
           -530.27293               1.26880            -529.00413             102.24840 
           -529.93217               1.23023            -528.70194              99.14008 
           -529.85068               1.50700            -528.34368             121.44377 
           -529.61203               1.66378            -527.94825             134.07796 
           -529.45546               1.90837            -527.54709             153.78854 
           -529.53172               2.35915            -527.17257             190.11566 
           -529.38935               2.56440            -526.82495             206.65564 
           -529.41350               2.91797            -526.49553             235.14892 
           -529.78780               3.59086            -526.19694             289.37452 
           -529.92520               3.96734            -525.95786             319.71420 
           -529.98720               4.18699            -525.80021             337.41445 
           -530.47920               4.75503            -525.72416             383.19130 
           -530.73645               5.03438            -525.70207             405.70265 
           -530.48765               4.78387            -525.70378             385.51496 
           -530.29612               4.56882            -525.72730             368.18457 
           -529.94740               4.15637            -525.79103             334.94715 
           -529.68742               3.73612            -525.95130             301.08074 
           -529.58929               3.32574            -526.26356             268.00920 
           -529.55768               2.84677            -526.71092             229.41096 
           -529.51902               2.31864            -527.20039             186.85062 
           -529.64118               1.97784            -527.66334             159.38693 
           -529.96774               1.90107            -528.06667             153.20080 
           -530.00044               1.61745            -528.38300             130.34416 
           -529.92489               1.31258            -528.61231             105.77586 
           -530.00107               1.23195            -528.76912              99.27819 
           -530.01712               1.14548            -528.87163              92.31056 
           -530.08050               1.14508            -528.93542              92.27803 
           -530.21223               1.25699            -528.95524             101.29670 
           -530.15426               1.23900            -528.91526              99.84625 
           -530.13845               1.32968            -528.80877             107.15417 
           -530.16375               1.53373            -528.63002             123.59753 
           -529.92900               1.55242            -528.37659             125.10364 
           -529.75469               1.69338            -528.06131             136.46370 
           -529.66363               1.95958            -527.70405             157.91520 
           -529.43329               2.10374            -527.32955             169.53292 
           -529.50484               2.56890            -526.93594             207.01863 
           -529.68888               3.16927            -526.51961             255.40058 
           -529.65022               3.52689            -526.12334             284.21921 
           -530.05464               4.23885            -525.81580             341.59368 
           -530.43526               4.80227            -525.63299             386.99762 
           -530.41240               4.83245            -525.57995             389.42968 
           -530.51435               4.87441            -525.63994             392.81140 
           -530.36156               4.60369            -525.75786             370.99530 
           -530.23387               4.33942            -525.89446             349.69836 
           -530.16150               4.11877            -526.04273             331.91685 
           -529.62938               3.40994            -526.21943             274.79497 
           -529.34415               2.89722            -526.44693             233.47667 
           -529.45751               2.73459            -526.72292             220.37109 
           -529.24533               2.21009            -527.03524             178.10319 
           -529.50207               2.10699            -527.39508             169.79508 
           -529.86253               2.06002            -527.80251             166.00970 
           -529.70968               1.47091            -528.23877             118.53526 
           -530.05619               1.40971            -528.64649             113.60315 
           -530.33644               1.37812            -528.95832             111.05817 
           -530.13831               0.97610            -529.16221              78.66007 
           -530.16011               0.90344            -529.25668              72.80474 
           -530.35625               1.10815            -529.24810              89.30194 
           -530.29139               1.14233            -529.14906              92.05636 
           -530.32781               1.35548            -528.97233             109.23360 
           -530.21073               1.48914            -528.72159             120.00478 
           -529.78057               1.37537            -528.40520             110.83629 
           -529.77823               1.71094            -528.06730             137.87826 
           -529.60158               1.85991            -527.74167             149.88363 
           -529.41440               1.97983            -527.43457             159.54766 
           -529.46442               2.34114            -527.12327             188.66450 
           -529.35154               2.56324            -526.78829             206.56258 
           -529.55045               3.09698            -526.45347             249.57424 
           -529.90940               3.76523            -526.14417             303.42666 
           -530.05395               4.18711            -525.86684             337.42400 
           -530.25966               4.62128            -525.63838             372.41261 
           -530.45916               4.95940            -525.49975             399.66068 
           -530.46427               4.97497            -525.48930             400.91546 
           -530.30009               4.69453            -525.60556             378.31559 
           -530.22552               4.40253            -525.82299             354.78450 
           -530.17379               4.06793            -526.10587             327.81974 
           -529.77784               3.36447            -526.41338             271.13042 
           -529.60309               2.87724            -526.72585             231.86657 
           -529.41094               2.38690            -527.02405             192.35158 
           -529.42588               2.08557            -527.34031             168.06867 
           -529.66038               1.96476            -527.69562             158.33318 
           -529.78144               1.73261            -528.04883             139.62448 
           -529.94100               1.58663            -528.35437             127.86111 
           -530.03433               1.43152            -528.60281             115.36110 
           -530.20624               1.40325            -528.80299             113.08327 
           -530.35682               1.40618            -528.95064             113.31875 
           -530.21034               1.17582            -529.03451              94.75542 
           -529.88735               0.84658            -529.04077              68.22290 
           -529.92320               0.96397            -528.95922              77.68328 
           -530.10746               1.32925            -528.77821             107.11951 
           -530.07664               1.58537            -528.49127             127.75909 
           -530.13286               2.00231            -528.13056             161.35873 
           -529.82866               2.08335            -527.74531             167.89002 
           -529.37117               2.00507            -527.36611             161.58115 
           -529.44784               2.44254            -527.00530             196.83581 
           -529.58330               2.91530            -526.66800             234.93373 
           -529.66915               3.28085            -526.38831             264.39181 
           -529.80645               3.63593            -526.17052             293.00684 
           -530.27343               4.28414            -525.98928             345.24400 
           -530.45722               4.63739            -525.81982             373.71116 
           -530.43653               4.75568            -525.68085             383.24335 
           -530.50092               4.88416            -525.61676             393.59718 
           -530.20455               4.55539            -525.64916             367.10286 
           -529.89585               4.11005            -525.78581             331.21391 
           -529.89938               3.87774            -526.02163             312.49360 
           -529.68376               3.35925            -526.32452             270.70974 
           -529.46321               2.80392            -526.65928             225.95818 
           -529.61582               2.61102            -527.00480             210.41302 
           -529.58645               2.22868            -527.35777             179.60116 
           -529.63082               1.89568            -527.73514             152.76636 
           -529.72895               1.62035            -528.10860             130.57801 
           -529.58047               1.15033            -528.43014              92.70095 
           -529.91565               1.21827            -528.69738              98.17611 
           -530.27143               1.37009            -528.90134             110.41075 
           -530.20417               1.17664            -529.02753              94.82151 
           -530.39637               1.30795            -529.08842             105.40340 
           -530.51526               1.42007            -529.09519             114.43826 
           -530.41592               1.36435            -529.05157             109.94801 
           -530.19331               1.25233            -528.94098             100.92069 
           -529.81074               1.07315            -528.73758              86.48174 
           -529.71544               1.27384            -528.44160             102.65451 
           -529.62512               1.55110            -528.07402             124.99755 
           -529.49764               1.83868            -527.65896             148.17244 
           -529.58932               2.37073            -527.21859             191.04841 
           -529.58270               2.78891            -526.79379             224.74830 
           -529.45341               3.01482            -526.43859             242.95397 
           -529.60811               3.43741            -526.17070             277.00839 
           -529.89343               3.92074            -525.97269             315.95876 
           -529.99240               4.16325            -525.82916             335.50124 
           -530.32159               4.58417            -525.73743             369.42176 
           -530.58937               4.89790            -525.69147             394.70454 
           -530.42720               4.73101            -525.69619             381.25502 
           -530.39849               4.62858            -525.76991             373.00088 
           -530.10477               4.18721            -525.91756             337.43236 
           -529.79550               3.65165            -526.14385             294.27322 
           -529.71253               3.29179            -526.42074             265.27325 
           -529.52051               2.79130            -526.72921             224.94085 
           -529.45895               2.37124            -527.08771             191.08986 
           -529.68055               2.19549            -527.48507             176.92633 
           -529.92743               2.04769            -527.87974             165.01578 
           -529.98809               1.75855            -528.22954             141.71538 
           -530.00505               1.48028            -528.52477             119.29073 
           -529.96853               1.20316            -528.76537              96.95826 
           -529.87090               0.94224            -528.92866              75.93179 
           -530.05469               1.06155            -528.99313              85.54661 
           -530.19540               1.23320            -528.96220              99.37937 
           -530.08897               1.22743            -528.86154              98.91457 
           -530.09886               1.38769            -528.71116             111.82909 
           -530.22504               1.70382            -528.52122             137.30457 
           -530.07542               1.77221            -528.30321             142.81616 
           -529.79437               1.73389            -528.06048             139.72786 
           -529.74820               1.97212            -527.77608             158.92643 
           -529.36446               1.94958            -527.41488             157.11005 
           -529.30849               2.30947            -526.99902             186.11181 
           -529.69706               3.11102            -526.58604             250.70609 
           -529.90271               3.68003            -526.22268             296.56042 
           -530.08176               4.15102            -525.93074             334.51582 
           -530.40707               4.68147            -525.72560             377.26302 
           -530.41919               4.79695            -525.62224             386.56891 
           -530.19187               4.58343            -525.60845             369.36201 
           -530.40375               4.73918            -525.66458             381.91349 
           -530.36732               4.57995            -525.78737             369.08176 
           -529.79911               3.81166            -525.98745             307.16804 
           -529.64315               3.39293            -526.25022             273.42389 
           -529.62281               3.08762            -526.53519             248.82032 
           -529.48779               2.65227            -526.83552             213.73727 
           -529.53711               2.38045            -527.15666             191.83183 
           -529.60034               2.11987            -527.48046             170.83311 
           -529.59319               1.80509            -527.78810             145.46577 
           -529.63901               1.55485            -528.08416             125.29988 
           -530.07925               1.68403            -528.39522             135.70958 
           -530.22420               1.49758            -528.72662             120.68440 
           -530.09081               1.05225            -529.03856              84.79693 
           -530.32869               1.07608            -529.25261              86.71738 
           -530.36457               1.05698            -529.30759              85.17851 
           -530.20041               0.99999            -529.20042              80.58574 
           -530.15252               1.18430            -528.96822              95.43816 
           -530.14703               1.46621            -528.68081             118.15685 
           -529.98923               1.58913            -528.40010             128.06266 
           -529.70881               1.57665            -528.13216             127.05660 
           -529.68320               1.83535            -527.84784             147.90463 
           -529.63402               2.11536            -527.51866             170.46909 
           -529.41422               2.25764            -527.15659             181.93481 
           -529.32786               2.52464            -526.80323             203.45162 
           -529.44055               2.96041            -526.48013             238.56919 
           -529.74347               3.55680            -526.18668             286.62953 
           -530.16373               4.22496            -525.93877             340.47426 
           -530.25757               4.50331            -525.75426             362.90611 
           -530.42266               4.78313            -525.63953             385.45524 
           -530.55793               4.96830            -525.58963             400.37798 
           -530.24765               4.63412            -525.61353             373.44737 
           -530.23132               4.48726            -525.74406             361.61242 
           -530.19222               4.21162            -525.98060             339.39915 
           -529.57994               3.29289            -526.28705             265.36253 
           -529.45821               2.80707            -526.65114             226.21179 
           -529.59671               2.55645            -527.04027             206.01482 
           -529.64932               2.23974            -527.40958             180.49243 
           -529.76421               2.04236            -527.72185             164.58623 
           -529.85283               1.87511            -527.97772             151.10858 
           -529.94039               1.72921            -528.21118             139.35098 
           -529.93736               1.49710            -528.44026             120.64605 
           -530.11648               1.45609            -528.66039             117.34147 
           -530.13595               1.29172            -528.84423             104.09475 
           -529.94315               0.97797            -528.96518              78.81122 
           -530.17479               1.17032            -529.00447              94.31169 
           -530.28367               1.34967            -528.93400             108.76524 
           -529.99577               1.23845            -528.75732              99.80218 
           -529.95244               1.43839            -528.51405             115.91457 
           -530.01809               1.79447            -528.22363             144.60973 
           -529.57687               1.70708            -527.86979             137.56767 
           -529.58177               2.10484            -527.47692             169.62187 
           -529.80102               2.71684            -527.08417             218.94073 
           -529.62036               2.89329            -526.72708             233.15965 
           -529.56251               3.14564            -526.41687             253.49567 
           -529.95645               3.80223            -526.15422             306.40782 
           -530.11192               4.15086            -525.96107             334.50272 
           -530.16410               4.30913            -525.85498             347.25733 
           -530.52707               4.71476            -525.81231             379.94591 
           -530.51890               4.72150            -525.79740             380.48873 
           -530.26992               4.46130            -525.80861             359.52053 
           -530.14198               4.28399            -525.85799             345.23191 
           -529.76993               3.80546            -525.96447             306.66872 
           -529.57425               3.40970            -526.16455             274.77565 
           -529.53910               3.06719            -526.47191             247.17367 
           -529.47350               2.59307            -526.88043             208.96641 
           -529.51762               2.17287            -527.34475             175.10423 
           -529.64546               1.86168            -527.78377             150.02655 
           -529.75408               1.60459            -528.14949             129.30796 
           -529.78126               1.34159            -528.43967             108.11368 
           -529.93490               1.27392            -528.66098             102.66080 
           -530.32014               1.49854            -528.82160             120.76217 
           -530.24566               1.31090            -528.93476             105.64074 
           -530.24018               1.22046            -529.01971              98.35283 
           -530.31147               1.25902            -529.05245             101.46025 
           -530.29113               1.28773            -529.00340             103.77364 
           -530.27003               1.40196            -528.86807             112.97905 
           -530.04717               1.38638            -528.66080             111.72325 
           -529.85949               1.45829            -528.40119             117.51859 
           -529.59319               1.50568            -528.08751             121.33755 
           -529.47359               1.74290            -527.73068             140.45442 
           -529.45432               2.08872            -527.36561             168.32220 
           -529.30954               2.30864            -527.00090             186.04515 
           -529.62480               2.99041            -526.63440             240.98622 
           -529.73499               3.47293            -526.26206             279.87089 
           -529.93675               4.00286            -525.93389             322.57606 
           -530.37067               4.64786            -525.72280             374.55474 
           -530.16802               4.52504            -525.64297             364.65724 
           -530.11197               4.43973            -525.67225             357.78170 
           -530.45366               4.68285            -525.77081             377.37394 
           -530.42734               4.53898            -525.88836             365.78017 
           -530.21826               4.21462            -526.00364             339.64114 
           -530.01881               3.87899            -526.13982             312.59410 
           -529.79971               3.44515            -526.35456             277.63223 
           -529.39215               2.72204            -526.67011             219.35965 
           -529.48778               2.43297            -527.05481             196.06406 
           -529.57052               2.12926            -527.44125             171.58982 
           -529.67904               1.85943            -527.81961             149.84477 
           -529.94987               1.76820            -528.18167             142.49299 
           -530.10271               1.60298            -528.49973             129.17875 
           -530.03387               1.29156            -528.74231             104.08200 
           -529.99242               1.09293            -528.89949              88.07528 
           -530.14757               1.16567            -528.98190              93.93729 
           -530.14177               1.15893            -528.98285              93.39367 
           -530.07104               1.17610            -528.89494              94.77758 
           -530.21709               1.48287            -528.73422             119.49942 
           -530.05748               1.54078            -528.51670             124.16624 
           -529.93486               1.67281            -528.26206             134.80547 
           -530.06201               2.07561            -527.98640             167.26587 
           -529.69007               1.99139            -527.69867             160.47941 
           -529.37676               1.96459            -527.41217             158.31968 
           -529.50762               2.39102            -527.11660             192.68386 
           -529.40512               2.63577            -526.76935             212.40700 
           -529.70432               3.32918            -526.37514             268.28670 
           -530.14882               4.15004            -525.99878             334.43683 
           -530.33646               4.62427            -525.71218             372.65373 
           -530.52521               4.97051            -525.55470             400.55549 
           -530.52989               4.99266            -525.53723             402.34086 
           -530.32794               4.68252            -525.64542             377.34774 
           -530.10318               4.27466            -525.82852             344.47951 
           -529.90324               3.86272            -526.04052             311.28284 
           -529.57251               3.30835            -526.26416             266.60815 
           -529.59219               3.08140            -526.51079             248.31895 
           -529.67346               2.88765            -526.78580             232.70558 
           -529.66600               2.57309            -527.09291             207.35649 
           -529.71352               2.29053            -527.42299             184.58532 
           -529.50038               1.73599            -527.76440             139.89699 
           -529.52338               1.40688            -528.11650             113.37548 
           -529.88040               1.43338            -528.44702             115.51098 
           -530.03121               1.31110            -528.72011             105.65660 
           -530.29665               1.35418            -528.94247             109.12831 
           -530.38255               1.25934            -529.12321             101.48569 
           -530.23009               0.98727            -529.24281              79.56083 
           -530.38930               1.13158            -529.25773              91.18970 
           -530.40242               1.27187            -529.13055             102.49538 
           -530.06061               1.19081            -528.86979              95.96330 
           -529.77911               1.26820            -528.51091             102.19944 
           -529.81605               1.70291            -528.11314             137.23148 
           -529.63409               1.90623            -527.72786             153.61638 
           -529.56121               2.17411            -527.38710             175.20374 
           -529.55124               2.46548            -527.08576             198.68456 
           -529.28540               2.48482            -526.80058             200.24312 
           -529.49598               2.96681            -526.52917             239.08454 
           -529.76268               3.49129            -526.27138             281.35073 
           -529.81270               3.78259            -526.03010             304.82569 
           -530.25891               4.44026            -525.81865             357.82505 
           -530.52421               4.87292            -525.65130             392.69093 
           -530.44715               4.88392            -525.56323             393.57737 
           -530.56367               4.97917            -525.58449             401.25387 
           -530.38815               4.68848            -525.69967             377.82769 
           -529.91632               4.01731            -525.89901             323.74058 
           -529.65570               3.46214            -526.19356             279.00163 
           -529.52040               2.95276            -526.56764             237.95202 
           -529.40419               2.43135            -526.97284             195.93418 
           -529.72111               2.34119            -527.37993             188.66801 
           -529.83618               2.07311            -527.76307             167.06452 
           -529.90682               1.80819            -528.09862             145.71595 
           -530.10555               1.74858            -528.35696             140.91223 
           -529.83121               1.29484            -528.53638             104.34624 
           -529.89905               1.22820            -528.67084              98.97640 
           -530.14231               1.36454            -528.77776             109.96363 
           -530.00986               1.14689            -528.86297              92.42385 
           -530.12836               1.20558            -528.92278              97.15313 
           -530.13599               1.21066            -528.92533              97.56258 
           -530.08359               1.23671            -528.84688              99.66222 
           -530.28914               1.63242            -528.65672             131.55070 
           -530.01448               1.68711            -528.32736             135.95837 
           -529.63827               1.72558            -527.91269             139.05825 
           -529.45988               1.97565            -527.48423             159.21026 
           -529.43735               2.37824            -527.05911             191.65390 
           -529.70983               3.04625            -526.66358             245.48647 
           -529.80127               3.47568            -526.32559             280.09268 
           -529.80590               3.73339            -526.07251             300.86035 
           -530.05549               4.14794            -525.90755             334.26745 
           -530.39228               4.58390            -525.80839             369.39998 
           -530.41163               4.65924            -525.75239             375.47118 
           -530.36117               4.61656            -525.74460             372.03250 
           -530.33938               4.54165            -525.79773             365.99509 
           -530.08747               4.18430            -525.90317             337.19774 
           -529.79159               3.73490            -526.05669             300.98236 
           -529.70125               3.42697            -526.27428             276.16717 
           -529.67518               3.11946            -526.55572             251.38651 
           -529.48672               2.61687            -526.86985             210.88429 
           -529.35514               2.14848            -527.20665             173.13875 
           -529.51720               1.93280            -527.58440             155.75780 
           -529.69813               1.69888            -527.99925             136.90685 
           -529.91949               1.50889            -528.41060             121.59594 
           -530.21177               1.45061            -528.76116             116.89962 
           -530.15285               1.15907            -528.99378              93.40522 
           -530.21911               1.12113            -529.09797              90.34816 
           -530.26684               1.17049            -529.09634              94.32594 
           -530.21945               1.18864            -529.03081              95.78806 
           -530.30623               1.36601            -528.94022             110.08201 
           -530.20704               1.38169            -528.82536             111.34518 
           -529.97145               1.31387            -528.65758             105.87978 
           -529.82712               1.40473            -528.42240             113.20191 
           -529.73079               1.60407            -528.12672             129.26599 
           -529.58550               1.80363            -527.78187             145.34812 
           -529.47743               2.07261            -527.40482             167.02388 
           -529.42428               2.41282            -527.01146             194.44063 
           -529.38277               2.76201            -526.62076             222.58039 
           -529.66924               3.39952            -526.26972             273.95539 
           -530.03065               4.05132            -525.97933             326.48109 
           -530.11679               4.36342            -525.75337             351.63283 
           -530.24645               4.64216            -525.60428             374.09547 
           -530.47910               4.92332            -525.55578             396.75251 
           -530.39190               4.78073            -525.61117             385.26174 
           -530.32282               4.56365            -525.75917             367.76798 
           -530.15674               4.17952            -525.97721             336.81303 
           -529.83102               3.59680            -526.23422             289.85364 
           -529.78935               3.29495            -526.49440             265.52834 
           -529.59500               2.85172            -526.74328             229.80986 
           -529.50842               2.49044            -527.01797             200.69596 
           -529.68761               2.34307            -527.34454             188.82004 
           -529.70652               2.00063            -527.70590             161.22338 
           -529.80381               1.73059            -528.07323             139.46178 
           -529.88675               1.47948            -528.40727             119.22605 
           -529.93535               1.24946            -528.68589             100.68956 
           -530.23432               1.33455            -528.89977             107.54658 
           -530.27334               1.25281            -529.02053             100.95969 
           -530.12458               1.09057            -529.03401              87.88521 
           -530.12557               1.17143            -528.95414              94.40175 
           -530.03561               1.23809            -528.79752              99.77333 
           -529.94565               1.36514            -528.58050             110.01203 
           -530.03898               1.71735            -528.32163             138.39520 
           -529.99862               1.96003            -528.03860             157.95153 
           -529.65102               1.92225            -527.72877             154.90691 
           -529.53031               2.13195            -527.39836             171.80641 
           -529.46185               2.40864            -527.05321             194.10345 
           -529.48857               2.78083            -526.70774             224.09682 
           -529.95905               3.55976            -526.39930             286.86812 
           -530.09070               3.96574            -526.12496             319.58495 
           -530.10132               4.21412            -525.88720             339.60094 
           -530.44853               4.74279            -525.70574             382.20462 
           -530.50787               4.91258            -525.59529             395.88737 
           -530.28874               4.70970            -525.57904             379.53801 
           -530.25003               4.57401            -525.67601             368.60328 
           -530.02003               4.14761            -525.87242             334.24083 
           -529.60803               3.46925            -526.13878             279.57423 
           -529.53685               3.08544            -526.45140             248.64476 
           -529.61585               2.81868            -526.79716             227.14753 
           -529.54402               2.38280            -527.16122             192.02112 
           -529.58984               2.06958            -527.52026             166.78022 
           -529.60301               1.75687            -527.84614             141.58003 
           -529.63597               1.50971            -528.12626             121.66232 
           -530.02100               1.64359            -528.37741             132.45119 
           -530.05200               1.43289            -528.61911             115.47175 
           -530.14342               1.28235            -528.86107             103.33995 
           -530.23231               1.17361            -529.05871              94.57678 
           -530.18584               1.01069            -529.17514              81.44824 
           -530.57841               1.38036            -529.19806             111.23792 
           -530.46142               1.36345            -529.09796             109.87593 
           -530.14520               1.25343            -528.89177             101.00962 
           -529.99387               1.37841            -528.61546             111.08104 
           -529.62076               1.33665            -528.28411             107.71617 
           -529.38392               1.47636            -527.90757             118.97452 
           -529.39733               1.89601            -527.50132             152.79244 
           -529.55149               2.45029            -527.10121             197.45994 
           -529.50534               2.76745            -526.73789             223.01858 
           -529.52389               3.09512            -526.42877             249.42487 
           -529.79379               3.61988            -526.17391             291.71362 
           -529.96432               3.99601            -525.96830             322.02463 
           -530.26978               4.44556            -525.82422             358.25159 
           -530.42104               4.68831            -525.73273             377.81395 
           -530.45570               4.77672            -525.67898             384.93857 
           -530.44908               4.78239            -525.66669             385.39564 
           -530.17204               4.45683            -525.71522             359.15977 
           -530.06590               4.20660            -525.85930             338.99464 
           -529.88509               3.76992            -526.11517             303.80407 
           -529.63268               3.15087            -526.48180             253.91771 
           -529.37496               2.46291            -526.91205             198.47708 
           -529.46126               2.11079            -527.35048             170.10083 
           -529.90324               2.15969            -527.74355             174.04179 
           -529.81068               1.74991            -528.06078             141.01872 
           -529.91731               1.59127            -528.32604             128.23513 
           -529.97141               1.43088            -528.54053             115.30981 
           -529.87752               1.17620            -528.70132              94.78595 
           -530.27794               1.45805            -528.81989             117.49907 
           -530.20445               1.32044            -528.88400             106.40989 
           -529.85431               0.96584            -528.88847              77.83331 
           -530.09012               1.25209            -528.83803             100.90156 
           -530.18865               1.46711            -528.72154             118.22897 
           -530.19338               1.64990            -528.54348             132.95959 
           -530.23532               1.92440            -528.31092             155.08053 
           -529.82735               1.81687            -528.01047             146.41524 
           -529.42044               1.76973            -527.65071             142.61644 
           -529.27523               2.01484            -527.26038             162.36909 
           -529.51869               2.66665            -526.85204             214.89594 
           -529.58312               3.14882            -526.43429             253.75252 
           -529.85825               3.79053            -526.06772             305.46529 
           -530.20728               4.39714            -525.81013             354.35023 
           -530.43878               4.74918            -525.68960             382.71935 
           -530.65653               4.97219            -525.68434             400.69072 
           -530.39893               4.66166            -525.73727             375.66641 
           -530.22287               4.39566            -525.82722             354.23027 
           -530.00870               4.06613            -525.94257             327.67489 
           -529.70991               3.62646            -526.08345             292.24334 
           -529.74118               3.46507            -526.27611             279.23767 
           -529.61064               3.07709            -526.53354             247.97197 
           -529.51918               2.66596            -526.85322             214.84017 
           -529.58269               2.36731            -527.21538             190.77297 
           -529.61825               2.02440            -527.59385             163.13923 
           -529.62863               1.65453            -527.97410             133.33274 
           -529.67976               1.33418            -528.34558             107.51709 
           -530.07778               1.40172            -528.67607             112.95926 
           -530.16808               1.24020            -528.92789              99.94309 
           -530.29710               1.19666            -529.10044              96.43441 
           -530.27472               1.10222            -529.17250              88.82362 
           -530.24327               1.10618            -529.13708              89.14350 
           -530.53044               1.52533            -529.00511             122.92084 
           -530.06449               1.27577            -528.78872             102.81012 
           -529.86021               1.32022            -528.53999             106.39179 
           -529.96965               1.68695            -528.28270             135.94516 
           -529.67586               1.65941            -528.01645             133.72587 
           -529.67688               1.92971            -527.74717             155.50820 
           -529.51751               2.06388            -527.45364             166.32037 
           -529.39664               2.27442            -527.12222             183.28714 
           -529.55491               2.79737            -526.75754             225.42997 
           -529.48093               3.10110            -526.37983             249.90655 
           -529.70473               3.66745            -526.03728             295.54675 
           -530.11961               4.35273            -525.76688             350.77115 
           -530.30182               4.70815            -525.59366             379.41339 
           -530.55735               5.01741            -525.53994             404.33560 
           -530.51241               4.91780            -525.59461             396.30808 
           -530.36571               4.62974            -525.73597             373.09432 
           -530.21247               4.27707            -525.93540             344.67361 
           -529.83154               3.65911            -526.17243             294.87489 
           -529.64200               3.18561            -526.45639             256.71693 
           -529.54283               2.76299            -526.77985             222.65919 
           -529.60210               2.48180            -527.12030             199.99968 
           -529.58536               2.12809            -527.45727             171.49491 
           -529.79250               2.00048            -527.79202             161.21124 
           -529.90136               1.80650            -528.09487             145.57913 
           -529.97309               1.61903            -528.35407             130.47151 
           -530.06630               1.49582            -528.57048             120.54246 
           -529.95139               1.20201            -528.74938              96.86539 
           -529.99569               1.09631            -528.89939              88.34758 
           -530.14910               1.15100            -528.99810              92.75465 
           -530.13043               1.12785            -529.00257              90.88968 
           -530.21910               1.32147            -528.89763             106.49248 
           -530.20095               1.51419            -528.68676             122.02288 
           -530.00348               1.62038            -528.38311             130.58037 
           -529.81886               1.79944            -528.01942             145.01022 
           -529.55382               1.90913            -527.64469             153.85024 
           -529.56145               2.25586            -527.30558             181.79182 
           -529.62716               2.62518            -527.00198             211.55398 
           -529.64797               2.93672            -526.71124             236.66020 
           -529.77857               3.34986            -526.42871             269.95306 
           -529.98910               3.82106            -526.16804             307.92558 
           -530.24659               4.30108            -525.94551             346.60877 
           -530.29437               4.52195            -525.77242             364.40771 
           -530.32142               4.64151            -525.67991             374.04270 
           -530.26701               4.58824            -525.67878             369.74955 
           -530.20538               4.45467            -525.75071             358.98613 
           -530.13407               4.25174            -525.88233             342.63272 
           -529.82076               3.74606            -526.07470             301.88127 
           -529.56989               3.22895            -526.34094             260.20988 
           -529.62943               2.95264            -526.67679             237.94261 
           -529.55757               2.50794            -527.04963             202.10588 
           -529.48316               2.03574            -527.44741             164.05332 
           -529.65725               1.79724            -527.86001             144.83345 
           -529.64841               1.41310            -528.23531             113.87641 
           -529.90381               1.37599            -528.52782             110.88590 
           -530.11933               1.39946            -528.71987             112.77720 
           -530.13363               1.29639            -528.83724             104.47120 
           -530.29903               1.36629            -528.93274             110.10439 
           -530.38470               1.36275            -529.02195             109.81936 
           -530.25914               1.18208            -529.07706              95.25939 
           -530.26563               1.21003            -529.05560              97.51201 
           -530.20988               1.29828            -528.91159             104.62403 
           -529.87004               1.24152            -528.62852             100.05005 
           -529.75326               1.49077            -528.26249             120.13550 
           -529.60479               1.72837            -527.87642             139.28316 
           -529.56424               2.05881            -527.50543             165.91235 
           -529.45723               2.30632            -527.15091             185.85794 
           -529.33273               2.52212            -526.81061             203.24892 
           -529.62463               3.12303            -526.50161             251.67352 
           -529.83719               3.60816            -526.22903             290.76878 
           -529.96760               3.97329            -525.99431             320.19334 
           -530.26070               4.44927            -525.81144             358.55072 
           -530.48180               4.77969            -525.70211             385.17845 
           -530.28141               4.60755            -525.67386             371.30599 
           -530.16530               4.44247            -525.72283             358.00248 
           -530.28514               4.45595            -525.82919             359.08918 
           -530.09635               4.11894            -525.97741             331.93034 
           -529.88031               3.70207            -526.17825             298.33659 
           -529.68478               3.25005            -526.43473             261.91021 
           -529.54696               2.79422            -526.75274             225.17643 
           -529.72063               2.57581            -527.14482             207.57566 
           -529.61280               2.03114            -527.58166             163.68230 
           -529.73876               1.72565            -528.01311             139.06408 
           -529.89131               1.52655            -528.36476             123.01940 
           -529.82445               1.21874            -528.60571              98.21369 
           -530.17459               1.41650            -528.75809             114.15079 
           -530.21444               1.37866            -528.83578             111.10116 
           -529.98179               1.12465            -528.85714              90.63124 
           -530.05191               1.20703            -528.84487              97.27062 
           -530.08156               1.27767            -528.80389             102.96296 
           -530.21272               1.49582            -528.71690             120.54287 
           -530.25568               1.70615            -528.54954             137.49223 
           -529.98229               1.67933            -528.30297             135.33085 
           -529.71306               1.70262            -528.01044             137.20783 
           -529.48083               1.79293            -527.68790             144.48593 
           -529.37522               2.04950            -527.32572             165.16210 
           -529.68200               2.74395            -526.93805             221.12504 
           -529.73455               3.17385            -526.56070             255.76938 
           -529.83012               3.59259            -526.23753             289.51395 
           -530.09931               4.12811            -525.97120             332.66986 
           -530.24727               4.49128            -525.75599             361.93634 
           -530.44893               4.81906            -525.62987             388.35065 
           -530.54539               4.92532            -525.62007             396.91378 
