           -508.75890               0.88235            -507.87655              71.10574 
           -508.26845               0.54254            -507.72590              43.72172 
           -508.84300               1.35452            -507.48848             109.15607 
           -508.80560               1.63902            -507.16658             132.08299 
           -508.78682               1.95947            -506.82735             157.90659 
           -508.67584               2.18177            -506.49407             175.82092 
           -508.50372               2.35853            -506.14520             190.06517 
           -508.02399               2.27834            -505.74565             183.60308 
           -508.09217               2.77275            -505.31942             223.44620 
           -508.66423               3.70097            -504.96326             298.24838 
           -508.71320               4.02986            -504.68333             324.75246 
           -509.05184               4.59788            -504.45397             370.52652 
           -509.34143               5.07432            -504.26711             408.92144 
           -509.54233               5.39616            -504.14616             434.85772 
           -509.32860               5.22647            -504.10213             421.18241 
           -509.15305               4.99551            -504.15755             402.57003 
           -508.90008               4.57163            -504.32845             368.41117 
           -508.49010               3.88211            -504.60799             312.84505 
           -508.42195               3.47070            -504.95125             279.69148 
           -508.28180               2.97358            -505.30822             239.62996 
           -508.24068               2.54630            -505.69438             205.19727 
           -508.31388               2.18072            -506.13316             175.73639 
           -508.36960               1.77849            -506.59111             143.32240 
           -508.49211               1.50253            -506.98958             121.08378 
           -508.62795               1.32642            -507.30153             106.89183 
           -508.91692               1.35731            -507.55961             109.38090 
           -509.20221               1.41770            -507.78451             114.24733 
           -509.50667               1.54538            -507.96128             124.53676 
           -509.54698               1.49686            -508.05012             120.62666 
           -509.39962               1.35530            -508.04432             109.21889 
           -509.21237               1.27064            -507.94173             102.39639 
           -509.06682               1.33606            -507.73076             107.66831 
           -508.99073               1.55325            -507.43747             125.17101 
           -508.72423               1.62896            -507.09527             131.27195 
           -508.51565               1.80262            -506.71303             145.26667 
           -508.47998               2.21423            -506.26575             178.43709 
           -508.67071               2.88081            -505.78990             232.15450 
           -508.57391               3.20005            -505.37386             257.88083 
           -508.64871               3.59546            -505.05325             289.74544 
           -508.99354               4.19428            -504.79926             338.00220 
           -508.87359               4.29885            -504.57474             346.42892 
           -509.01218               4.61589            -504.39628             371.97830 
           -509.59092               5.30955            -504.28138             427.87739 
           -510.01880               5.78837            -504.23044             466.46392 
           -509.94565               5.69936            -504.24628             459.29136 
           -509.62834               5.28614            -504.34220             425.99108 
           -509.47216               4.93660            -504.53557             397.82285 
           -508.88216               4.07880            -504.80336             328.69596 
           -508.64670               3.51298            -505.13372             283.09889 
           -508.85313               3.29997            -505.55316             265.93314 
           -508.70499               2.66656            -506.03843             214.88869 
           -508.89464               2.38541            -506.50923             192.23187 
           -509.37274               2.46658            -506.90617             198.77274 
           -509.79594               2.56149            -507.23446             206.42114 
           -509.70739               2.19606            -507.51133             176.97281 
           -509.72113               1.99624            -507.72490             160.86967 
           -509.71156               1.87487            -507.83668             151.08933 
           -509.49565               1.64421            -507.85144             132.50065 
           -509.71555               1.91265            -507.80290             154.13399 
           -509.88569               2.19530            -507.69040             176.91104 
           -509.71233               2.21598            -507.49636             178.57775 
           -509.68697               2.44652            -507.24045             197.15634 
           -509.53126               2.58700            -506.94426             208.47716 
           -509.43688               2.83699            -506.59989             228.62305 
           -509.35842               3.16391            -506.19451             254.96830 
           -509.24888               3.49710            -505.75178             281.81891 
           -509.42447               4.08202            -505.34246             328.95529 
           -509.36042               4.37908            -504.98134             352.89447 
           -509.85588               5.20461            -504.65128             419.42082 
           -510.25828               5.90307            -504.35522             475.70719 
           -510.41292               6.26548            -504.14744             504.91313 
           -510.66956               6.60774            -504.06182             532.49395 
           -510.66965               6.58097            -504.08867             530.33721 
           -510.59454               6.37595            -504.21859             513.81534 
           -510.30702               5.87381            -504.43320             473.34948 
           -510.29450               5.58528            -504.70922             450.09771 
           -509.98783               4.98675            -505.00108             401.86427 
           -509.49273               4.18743            -505.30530             337.45037 
           -509.52703               3.87920            -505.64784             312.61061 
           -509.49342               3.47308            -506.02034             279.88288 
           -509.76568               3.35525            -506.41043             270.38738 
           -509.99970               3.20492            -506.79478             258.27294 
           -510.37450               3.19452            -507.17998             257.43500 
           -510.96392               3.39462            -507.56930             273.56038 
           -510.95826               3.05425            -507.90401             246.13122 
           -511.07278               2.95267            -508.12011             237.94522 
           -511.17802               2.98138            -508.19664             240.25874 
           -511.05321               2.91637            -508.13684             235.02009 
           -511.06631               3.12105            -507.94526             251.51434 
           -510.98259               3.32401            -507.65858             267.87019 
           -510.71816               3.38438            -507.33377             272.73550 
           -510.54227               3.54728            -506.99500             285.86246 
           -510.79242               4.16004            -506.63238             335.24280 
           -510.86228               4.62294            -506.23935             372.54590 
           -510.49882               4.64984            -505.84898             374.71441 
           -510.54128               5.05083            -505.49044             407.02880 
           -510.72233               5.56317            -505.15916             448.31614 
           -510.66498               5.81584            -504.84914             468.67771 
           -511.25095               6.66700            -504.58395             537.26953 
           -511.61702               7.23954            -504.37748             583.40866 
           -511.53193               7.29580            -504.23612             587.94270 
           -512.00284               7.83293            -504.16992             631.22765 
           -512.09321               7.90359            -504.18962             636.92254 
           -512.14624               7.80961            -504.33663             629.34894 
           -511.83638               7.24711            -504.58928             584.01846 
           -511.34911               6.44199            -504.90712             519.13665 
           -511.51438               6.23759            -505.27680             502.66480 
           -511.16721               5.48472            -505.68249             441.99412 
           -511.31863               5.21812            -506.10051             420.51011 
           -511.36730               4.91119            -506.45611             395.77538 
           -511.69788               4.90706            -506.79082             395.44289 
           -512.03147               4.90975            -507.12173             395.65895 
           -512.27952               4.84857            -507.43095             390.72878 
           -512.55548               4.87663            -507.67884             392.99056 
           -512.45751               4.63045            -507.82706             373.15160 
           -512.74449               4.85993            -507.88456             391.64427 
           -512.79112               4.94607            -507.84505             398.58646 
           -512.31257               4.59856            -507.71402             370.58145 
           -512.21563               4.68768            -507.52795             377.76343 
           -512.30843               5.00548            -507.30295             403.37417 
           -512.48044               5.45851            -507.02193             439.88214 
           -512.54266               5.90462            -506.63804             475.83194 
           -512.38688               6.24020            -506.14669             502.87520 
           -512.34669               6.70549            -505.64121             540.37132 
           -512.37271               7.17215            -505.20056             577.97766 
           -512.74087               7.88753            -504.85334             635.62784 
           -513.00611               8.40829            -504.59781             677.59436 
           -513.20194               8.76324            -504.43870             706.19840 
           -513.43815               9.09984            -504.33831             733.32368 
           -513.80426               9.54267            -504.26159             769.00959 
           -513.89642               9.68697            -504.20945             780.63866 
           -513.71840               9.50298            -504.21542             765.81163 
           -513.77925               9.45143            -504.32782             761.65743 
           -513.60007               9.06000            -504.54007             730.11345 
           -513.24629               8.41440            -504.83189             678.08630 
           -513.19412               7.98226            -505.21186             643.26173 
           -513.08433               7.42367            -505.66066             598.24721 
           -513.04214               6.92830            -506.11384             558.32741 
           -513.32225               6.80930            -506.51295             548.73762 
           -513.69993               6.83133            -506.86861             550.51254 
           -513.95887               6.74437            -507.21451             543.50460 
           -514.03323               6.49415            -507.53909             523.34004 
           -514.55787               6.75148            -507.80639             544.07812 
           -514.89114               6.92199            -507.96915             557.81866 
           -514.68977               6.67742            -508.01235             538.10949 
           -514.83573               6.87364            -507.96209             553.92193 
           -514.94396               7.10281            -507.84116             572.39002 
           -514.97243               7.28706            -507.68537             587.23844 
           -514.89178               7.40057            -507.49120             596.38588 
           -514.54183               7.34067            -507.20116             591.55852 
           -514.37168               7.57296            -506.79872             610.27770 
           -514.36590               8.03089            -506.33501             647.18078 
           -514.67533               8.77651            -505.89883             707.26746 
           -514.83775               9.34178            -505.49598             752.82063 
           -514.99832               9.89267            -505.10565             797.21538 
           -515.40071              10.64193            -504.75878             857.59537 
           -515.69469              11.20094            -504.49375             902.64349 
           -516.00087              11.66475            -504.33612             940.02039 
           -516.38129              12.10811            -504.27318             975.74955 
           -516.86242              12.58825            -504.27417            1014.44261 
           -517.27204              12.94337            -504.32866            1043.06032 
           -517.45780              13.02506            -504.43274            1049.64313 
           -517.76471              13.17813            -504.58658            1061.97829 
           -518.33030              13.51832            -504.81197            1089.39363 
           -518.80393              13.68407            -505.11986            1102.75033 
           -519.75733              14.27476            -505.48257            1150.35229 
           -521.07337              15.24730            -505.82607            1228.72553 
           -522.92155              16.79318            -506.12837            1353.30291 
           -525.56893              19.15364            -506.41529            1543.52402 
           -528.29857              21.59466            -506.70391            1740.23672 
           -529.48159              22.50632            -506.97527            1813.70424 
           -529.47588              22.30972            -507.16616            1797.86076 
           -532.32637              24.98068            -507.34568            2013.10427 
           -533.66673              26.24674            -507.41999            2115.13144 
           -538.79883              31.26702            -507.53182            2519.69756 
           -539.06901              31.47817            -507.59084            2536.71392 
           -539.96350              32.14494            -507.81856            2590.44613 
           -538.89754              30.60577            -508.29177            2466.41033 
           -538.31344              29.46464            -508.84879            2374.45083 
           -539.21902              29.80096            -509.41806            2401.55298 
           -533.57022              23.65380            -509.91642            1906.17592 
           -538.87022              27.94103            -510.92919            2251.66793 
           -534.36847              21.99884            -512.36963            1772.80798 
           -531.72746              17.95888            -513.76858            1447.24238 
           -531.55435              17.09678            -514.45757            1377.76893 
           -531.40816              16.70212            -514.70604            1345.96414 
           -525.48229              10.81734            -514.66495             871.73086 
           -529.64150              14.72981            -514.91169            1187.02288 
           -527.31177              11.90699            -515.40478             959.54210 
           -527.58631              11.05893            -516.52739             891.19960 
           -532.56055              15.00607            -517.55448            1209.28572 
           -525.56860               7.93298            -517.63562             639.29078 
           -536.17173              18.12537            -518.04636            1460.65913 
           -533.89582              15.58989            -518.30593            1256.33365 
           -542.85348              24.22542            -518.62806            1952.24077 
           -538.32658              19.83401            -518.49257            1598.35242 
           -535.90166              17.68801            -518.21364            1425.41405 
           -541.18468              23.11166            -518.07302            1862.48648 
           -546.53605              28.32006            -518.21599            2282.21279 
           -544.91523              26.59772            -518.31750            2143.41574 
           -546.68491              28.37817            -518.30673            2286.89580 
           -542.58532              24.62495            -517.96037            1984.43702 
           -540.96030              23.36815            -517.59214            1883.15621 
           -543.15829              25.76531            -517.39299            2076.33439 
           -543.19322              25.85016            -517.34305            2083.17270 
           -540.67792              23.22218            -517.45574            1871.39269 
           -536.28227              18.55830            -517.72396            1495.54760 
           -533.78976              15.76622            -518.02354            1270.54339 
           -532.10702              13.93915            -518.16786            1123.30681 
           -531.73507              13.55845            -518.17662            1092.62707 
           -530.57173              12.50847            -518.06326            1008.01301 
           -527.93010              10.09231            -517.83779             813.30338 
           -526.24424               8.70712            -517.53713             701.67542 
           -525.99201               8.74626            -517.24576             704.82963 
           -524.84029               7.78598            -517.05432             627.44413 
           -524.24717               7.22793            -517.01925             582.47282 
           -524.01700               6.94479            -517.07221             559.65601 
           -523.00788               5.88563            -517.12224             474.30231 
           -522.71142               5.59945            -517.11197             451.23944 
           -522.41660               5.51753            -516.89907             444.63850 
           -522.20221               5.86695            -516.33526             472.79697 
           -524.77968               9.23923            -515.54045             744.55671 
           -525.70503              10.81290            -514.89213             871.37300 
           -522.34251               7.94426            -514.39825             640.19962 
           -526.06982              12.06012            -514.00971             971.88190 
           -527.46884              14.05625            -513.41259            1132.74331 
           -528.24614              15.46682            -512.77932            1246.41597 
           -530.99741              18.56070            -512.43671            1495.74048 
           -531.30898              18.95140            -512.35758            1527.22601 
           -528.10698              15.73836            -512.36862            1268.29838 
           -529.45577              17.03958            -512.41620            1373.15879 
           -532.02455              19.62415            -512.40040            1581.44058 
           -529.67464              17.53534            -512.13929            1413.11077 
           -532.39944              20.66296            -511.73648            1665.15474 
           -526.83810              15.99404            -510.84407            1288.90259 
           -531.15318              21.15200            -510.00118            1704.56417 
           -527.29833              18.11296            -509.18537            1459.65911 
           -525.74324              17.06338            -508.67986            1375.07712 
           -522.18031              14.07596            -508.10435            1134.33154 
           -515.55949               8.98865            -506.57084             724.36295 
           -518.25808              13.83179            -504.42630            1114.65447 
           -516.17642              13.00983            -503.16659            1048.41612 
           -518.27478              15.99953            -502.27525            1289.34513 
           -510.48714               9.82362            -500.66352             791.65036 
           -511.24788              12.29735            -498.95054             990.99957 
           -504.87983               7.13928            -497.74056             575.32887 
           -509.40800              12.31570            -497.09230             992.47845 
           -509.16258              13.20009            -495.96249            1063.74841 
           -509.93576              15.66188            -494.27388            1262.13492 
           -511.47576              18.11712            -493.35864            1459.99431 
           -510.56412              17.74110            -492.82302            1429.69211 
           -513.24886              21.32365            -491.92522            1718.39672 
           -512.88190              22.89528            -489.98662            1845.04905 
           -515.27587              26.10633            -489.16954            2103.81633 
           -517.50467              28.50001            -489.00466            2296.71432 
           -518.35786              29.51586            -488.84200            2378.57837 
           -518.65796              29.95910            -488.69885            2414.29763 
           -517.44936              28.84577            -488.60359            2324.57813 
           -514.13433              25.56414            -488.57019            2060.12285 
           -512.05315              23.47985            -488.57330            1892.15787 
           -512.63927              24.04605            -488.59322            1937.78547 
           -511.67944              23.08029            -488.59916            1859.95818 
           -509.32417              20.74230            -488.58187            1671.54775 
           -509.45963              20.86194            -488.59769            1681.18956 
           -506.65525              18.08395            -488.57130            1457.32154 
           -504.87355              16.32620            -488.54735            1315.67048 
           -506.07484              17.52107            -488.55378            1411.96048 
           -503.36688              14.85027            -488.51661            1196.73051 
           -501.24513              12.74441            -488.50072            1027.02697 
           -500.20567              11.70819            -488.49749             943.52109 
           -498.07561               9.60031            -488.47530             773.65487 
           -498.21765               9.74502            -488.47263             785.31629 
           -499.69142              11.22526            -488.46616             904.60378 
           -501.23142              12.75994            -488.47148            1028.27816 
           -501.46582              12.98029            -488.48553            1046.03528 
           -503.14930              14.58885            -488.56045            1175.66355 
           -506.98466              18.21224            -488.77241            1467.65991 
           -506.49861              17.47741            -489.02120            1408.44213 
           -505.15751              16.20825            -488.94926            1306.16528 
           -508.71588              20.30828            -488.40760            1636.57231 
           -509.54716              21.69710            -487.85006            1748.49213 
           -504.57193              17.24024            -487.33169            1389.32965 
           -507.52234              20.77526            -486.74708            1674.20430 
           -510.42862              24.77996            -485.64866            1996.92873 
           -512.37426              28.02463            -484.34963            2258.40552 
           -515.05284              31.70717            -483.34567            2555.16801 
           -516.97680              34.10088            -482.87592            2748.06837 
           -515.15802              32.35243            -482.80559            2607.16712 
           -519.03321              35.93483            -483.09838            2895.86028 
           -518.93872              35.57365            -483.36507            2866.75351 
           -514.89979              31.32834            -483.57145            2524.63958 
           -515.01727              31.29311            -483.72416            2521.80017 
           -523.78508              40.11903            -483.66605            3233.04990 
           -533.98378              50.84437            -483.13941            4097.36698 
           -534.40887              51.65509            -482.75379            4162.69966 
           -524.95339              42.33067            -482.62273            3411.27769 
           -516.04244              33.45911            -482.58333            2696.35085 
           -523.32140              40.45615            -482.86525            3260.21709 
           -520.46714              37.51050            -482.95664            3022.83796 
           -525.61534              42.86892            -482.74642            3454.65344 
           -525.26256              43.03385            -482.22871            3467.94509 
           -513.71963              31.85966            -481.85997            2567.45682 
           -522.30345              39.88269            -482.42076            3214.00369 
           -517.12093              34.02568            -483.09524            2742.00879 
           -522.54230              37.82052            -484.72179            3047.82081 
           -509.99297              23.47000            -486.52298            1891.36350 
           -521.98503              33.76602            -488.21900            2721.08372 
           -530.65226              41.94591            -488.70636            3380.27147 
           -525.33336              36.94778            -488.38558            2977.49020 
           -521.22180              33.48696            -487.73484            2698.59532 
           -509.64577              23.91007            -485.73570            1926.82710 
           -515.26924              30.87382            -484.39543            2488.01099 
           -517.21231              33.41025            -483.80206            2692.41334 
           -517.47314              34.10762            -483.36552            2748.61185 
           -514.37365              31.67308            -482.70056            2552.42114 
           -525.61081              43.36499            -482.24582            3494.63005 
           -514.08137              32.55384            -481.52753            2623.39848 
           -511.71355              31.01998            -480.69358            2499.78951 
           -509.89411              31.00655            -478.88757            2498.70722 
           -518.80321              40.66123            -478.14197            3276.74411 
           -516.11858              38.10522            -478.01336            3070.76426 
           -514.47099              36.40509            -478.06590            2933.75655 
           -516.44557              38.26624            -478.17933            3083.74036 
           -516.57142              38.16681            -478.40460            3075.72776 
           -512.07187              33.42003            -478.65184            2693.20100 
           -513.45589              34.72464            -478.73126            2798.33494 
           -510.25386              31.75737            -478.49649            2559.21344 
           -509.29666              30.95424            -478.34242            2494.49193 
           -508.62232              30.39404            -478.22828            2449.34719 
           -508.26327              30.11968            -478.14359            2427.23782 
           -503.65693              25.63931            -478.01762            2066.18070 
           -497.97153              20.10471            -477.86682            1620.16729 
           -504.09018              26.25330            -477.83688            2115.65977 
           -505.00255              27.30449            -477.69807            2200.37141 
           -503.33239              25.66108            -477.67131            2067.93524 
           -501.88566              24.05803            -477.82763            1938.75095 
           -503.55978              25.33014            -478.22964            2041.26581 
           -501.37466              22.81378            -478.56088            1838.48163 
           -498.71226              19.91745            -478.79482            1605.07624 
           -499.97270              20.94037            -479.03233            1687.51028 
           -499.14874              20.04995            -479.09879            1615.75377 
           -499.46004              20.49443            -478.96561            1651.57281 
           -500.37726              21.52921            -478.84806            1734.96210 
           -494.69278              15.94190            -478.75088            1284.70125 
           -498.14998              19.37112            -478.77886            1561.04974 
           -501.19047              22.55160            -478.63886            1817.35356 
           -502.85141              24.35551            -478.49589            1962.72426 
           -502.33657              23.98089            -478.35567            1932.53484 
           -501.28374              22.97978            -478.30396            1851.85902 
           -500.63227              22.24423            -478.38805            1792.58305 
           -498.47896              19.96285            -478.51612            1608.73467 
           -498.72400              20.03751            -478.68648            1614.75186 
           -500.39828              21.42003            -478.97825            1726.16420 
           -502.09798              22.64058            -479.45740            1824.52360 
           -501.98196              22.12364            -479.85832            1782.86555 
           -503.11802              23.07153            -480.04649            1859.25278 
           -504.94748              24.86270            -480.08478            2003.59641 
           -505.55706              25.55784            -479.99922            2059.61559 
           -505.60015              25.84628            -479.75386            2082.86009 
           -506.33294              26.71888            -479.61406            2153.17935 
           -510.39595              30.69429            -479.70166            2473.54379 
           -510.03165              30.11867            -479.91298            2427.15663 
           -510.39125              29.95732            -480.43393            2414.15405 
           -508.85127              27.41877            -481.43250            2209.58136 
           -510.67968              28.30306            -482.37662            2280.84279 
           -515.29171              32.47948            -482.81223            2617.40555 
           -515.43924              32.46739            -482.97184            2616.43169 
           -512.77086              29.77708            -482.99378            2399.62900 
           -517.73595              34.62940            -483.10655            2790.65986 
           -518.58447              35.38951            -483.19497            2851.91434 
           -513.79580              30.44832            -483.34748            2453.72206 
           -510.73826              27.18322            -483.55504            2190.59906 
           -513.01683              29.13981            -483.87701            2348.27378 
           -515.08569              30.74919            -484.33650            2477.96751 
           -516.87976              32.01654            -484.86323            2580.09864 
           -519.23603              34.02198            -485.21405            2741.71057 
           -517.98753              32.45040            -485.53712            2615.06236 
           -521.04492              34.75781            -486.28711            2801.00797 
           -515.95078              28.40851            -487.54227            2289.34035 
           -519.44480              30.49063            -488.95416            2457.13159 
           -519.48450              29.65405            -489.83046            2389.71404 
           -517.91246              27.25593            -490.65653            2196.45840 
           -523.73970              32.22039            -491.51931            2596.52678 
           -525.27191              32.96934            -492.30257            2656.88179 
           -519.12798              26.53654            -492.59143            2138.48569 
           -520.19837              27.54767            -492.65070            2219.96842 
           -520.08857              27.46104            -492.62752            2212.98767 
           -520.14192              27.55456            -492.58736            2220.52370 
           -519.70648              27.30209            -492.40440            2200.17816 
           -523.31285              31.08120            -492.23166            2504.72295 
           -522.24743              30.21040            -492.03703            2434.54884 
           -523.27273              31.59656            -491.67617            2546.25459 
           -521.82719              30.56283            -491.26436            2462.94969 
           -521.93718              30.81761            -491.11957            2483.48116 
           -523.81918              32.86282            -490.95636            2648.29761 
           -522.55569              31.72449            -490.83120            2556.56383 
           -522.51059              31.83006            -490.68053            2565.07148 
           -522.61106              31.99293            -490.61814            2578.19618 
           -523.41345              32.95451            -490.45893            2655.68703 
           -520.06938              29.69347            -490.37590            2392.89129 
           -521.83796              31.28147            -490.55648            2520.86247 
           -520.38959              29.75363            -490.63596            2397.73900 
           -521.08839              30.42341            -490.66497            2451.71472 
           -518.49658              27.89109            -490.60548            2247.64404 
           -519.77201              29.08036            -490.69166            2343.48232 
           -516.52669              25.77457            -490.75212            2077.08096 
           -515.91628              25.13289            -490.78339            2025.37009 
           -516.18964              25.48412            -490.70553            2053.67421 
           -517.78114              27.12985            -490.65130            2186.29797 
           -517.97262              27.30570            -490.66693            2200.46894 
           -515.07305              24.31272            -490.76033            1959.27572 
           -516.63563              25.65428            -490.98135            2067.38728 
           -519.69606              28.53105            -491.16500            2299.21591 
           -516.93894              25.57681            -491.36213            2061.14417 
           -516.14602              24.52821            -491.61781            1976.64087 
           -518.27331              26.57564            -491.69768            2141.63605 
           -518.21199              26.54933            -491.66266            2139.51623 
           -514.21772              22.85658            -491.36113            1841.93061 
           -513.01260              22.10533            -490.90727            1781.38961 
           -517.51745              27.13836            -490.37908            2186.98421 
           -518.73843              29.03464            -489.70379            2339.79852 
           -517.39018              28.29478            -489.09540            2280.17534 
           -517.83870              29.22018            -488.61852            2354.75058 
           -515.42050              27.17231            -488.24820            2189.71956 
           -513.28710              25.35338            -487.93371            2043.13898 
           -515.56978              27.91305            -487.65672            2249.41369 
           -514.33865              27.17250            -487.16616            2189.73482 
           -514.37841              28.01919            -486.35922            2257.96663 
           -514.98080              29.20144            -485.77935            2353.24035 
           -510.20625              24.96162            -485.24464            2011.56792 
           -511.72274              26.90636            -484.81638            2168.28783 
           -513.36973              29.07880            -484.29094            2343.35694 
           -512.63207              29.01799            -483.61409            2338.45621 
           -510.14348              27.36551            -482.77797            2205.28874 
           -512.17446              30.10554            -482.06892            2426.09832 
           -510.04249              28.74204            -481.30046            2316.21834 
           -508.25318              27.53402            -480.71916            2218.86886 
           -511.42553              31.41335            -480.01218            2531.48992 
           -507.70718              28.68913            -479.01805            2311.95512 
           -514.02774              35.90426            -478.12349            2893.39614 
           -508.78336              31.76119            -477.02218            2559.52106 
           -502.44918              26.21763            -476.23155            2112.78534 
           -506.79212              31.12228            -475.66984            2508.03359 
           -504.57053              29.50486            -475.06567            2377.69138 
           -500.39277              25.71059            -474.68218            2071.92464 
           -503.92438              29.78460            -474.13978            2400.23475 
           -501.15574              27.74175            -473.41399            2235.60880 
           -501.53233              28.50306            -473.02927            2296.96043 
           -503.93745              31.25419            -472.68325            2518.66417 
           -502.02864              29.97976            -472.04888            2415.96252 
           -499.36247              28.37918            -470.98329            2286.97720 
           -496.84008              26.76910            -470.07098            2157.22631 
           -497.01318              27.37922            -469.63396            2206.39389 
           -499.80022              30.74783            -469.05239            2477.85825 
           -497.80266              29.88566            -467.91700            2408.37935 
           -498.32678              31.23952            -467.08726            2517.48172 
           -494.58199              28.06385            -466.51814            2261.56582 
           -492.43694              26.37088            -466.06606            2125.13510 
           -493.17700              27.75062            -465.42638            2236.32347 
           -494.47293              29.83143            -464.64150            2404.00876 
           -490.33469              26.15927            -464.17542            2108.08255 
           -489.34180              25.35104            -463.99076            2042.94973 
           -486.78537              22.94465            -463.84072            1849.02771 
           -486.46001              22.70034            -463.75967            1829.33953 
           -485.48391              21.93628            -463.54763            1767.76707 
           -486.59929              23.38818            -463.21112            1884.76991 
           -488.09555              25.28813            -462.80742            2037.88047 
           -486.70887              24.25367            -462.45520            1954.51678 
           -484.35964              22.35845            -462.00118            1801.78825 
           -483.91825              22.11079            -461.80746            1781.83019 
           -483.98704              22.32697            -461.66006            1799.25111 
           -485.41080              24.02109            -461.38971            1935.77438 
           -484.93405              23.85761            -461.07644            1922.60025 
           -484.02008              23.32369            -460.69639            1879.57335 
           -483.11626              22.78745            -460.32880            1836.35966 
           -481.06666              21.08422            -459.98244            1699.10226 
           -479.88647              20.24740            -459.63908            1631.66558 
           -483.13808              23.89749            -459.24059            1925.81395 
           -484.71996              25.89876            -458.82120            2087.08863 
           -485.00255              26.46762            -458.53493            2132.93131 
           -485.95191              27.58192            -458.36999            2222.72881 
           -484.19480              25.93336            -458.26144            2089.87716 
           -484.69443              26.35639            -458.33804            2123.96750 
           -484.61563              26.18072            -458.43491            2109.81120 
           -484.37403              25.81940            -458.55463            2080.69367 
           -482.52842              23.81923            -458.70919            1919.50691 
           -485.73370              26.81757            -458.91613            2161.13284 
           -485.90107              26.81330            -459.08777            2160.78839 
           -483.52753              24.26415            -459.26338            1955.36138 
           -488.35137              28.94846            -459.40291            2332.85339 
           -492.75845              33.26683            -459.49162            2680.85548 
           -490.98253              31.44651            -459.53602            2534.16252 
           -492.52806              32.87968            -459.64838            2649.65651 
           -490.21327              30.72493            -459.48834            2476.01251 
           -496.66401              37.34645            -459.31756            3009.61779 
           -496.29014              37.21061            -459.07953            2998.67058 
           -499.93546              41.01529            -458.92017            3305.27626 
           -502.70868              44.13643            -458.57225            3556.79801 
           -506.98055              48.74508            -458.23548            3928.19215 
           -505.18688              47.23571            -457.95117            3806.55766 
           -509.89235              52.17529            -457.71707            4204.62053 
           -510.23124              52.71065            -457.52059            4247.76348 
           -500.77456              43.40453            -457.37003            3497.81666 
           -504.52986              47.02174            -457.50812            3789.31442 
           -508.68724              50.95399            -457.73325            4106.20098 
           -513.95464              56.01724            -457.93741            4514.22962 
           -510.90950              52.91641            -457.99309            4264.34538 
           -510.99720              53.04709            -457.95011            4274.87604 
           -506.50250              48.74399            -457.75850            3928.10502 
           -505.91142              48.09376            -457.81766            3875.70493 
           -505.33004              47.77768            -457.55236            3850.23292 
           -511.63301              54.27737            -457.35563            4374.02041 
           -505.80387              48.38720            -457.41667            3899.35252 
           -507.34833              49.79364            -457.55469            4012.69186 
           -508.48523              51.09757            -457.38766            4117.77108 
           -502.02382              45.10705            -456.91677            3635.01657 
           -505.32717              48.91215            -456.41502            3941.65622 
           -507.25961              52.02223            -455.23738            4192.28621 
           -506.05335              51.67126            -454.38209            4164.00282 
           -501.43232              47.30818            -454.12414            3812.39770 
           -496.62680              42.81672            -453.81008            3450.44723 
           -496.54555              43.22627            -453.31929            3483.45120 
           -503.94727              50.97925            -452.96802            4108.23617 
           -501.78113              49.33398            -452.44715            3975.64958 
           -503.87816              52.31688            -451.56128            4216.03105 
           -508.37552              57.68051            -450.69501            4648.26694 
           -503.25175              53.47633            -449.77543            4309.46672 
           -499.28262              50.53110            -448.75152            4072.12135 
           -497.83895              49.57873            -448.26022            3995.37364 
           -504.63401              56.68760            -447.94641            4568.25200 
           -504.69093              57.44366            -447.24727            4629.18021 
           -501.41361              54.70313            -446.71048            4408.33073 
           -493.95007              48.01879            -445.93128            3869.66319 
           -501.24868              55.88248            -445.36621            4503.36984 
           -491.29444              46.55899            -444.73545            3752.02348 
           -492.76291              48.52331            -444.23960            3910.32077 
           -493.14450              49.48551            -443.65898            3987.86132 
           -491.50165              48.10958            -443.39208            3876.97967 
           -489.09837              45.75631            -443.34206            3687.33847 
           -486.91550              43.62472            -443.29078            3515.56087 
           -481.20614              38.14361            -443.06252            3073.85787 
           -486.75918              43.48968            -443.26949            3504.67874 
           -478.93276              35.67884            -443.25392            2875.23090 
           -478.24897              35.32772            -442.92125            2846.93501 
           -482.87489              40.22812            -442.64676            3241.84132 
           -477.71862              35.34935            -442.36927            2848.67820 
           -478.71818              36.58406            -442.13412            2948.17882 
           -473.92180              32.35610            -441.56569            2607.46329 
           -476.28997              35.22444            -441.06553            2838.61230 
           -473.51123              32.82587            -440.68536            2645.31988 
           -475.07743              34.54264            -440.53478            2783.66866 
           -473.91765              33.44804            -440.46962            2695.45816 
           -470.90841              30.34655            -440.56185            2445.52063 
           -469.86402              29.13012            -440.73390            2347.49282 
           -474.50534              33.36792            -441.13742            2689.00161 
           -470.36977              29.17547            -441.19429            2351.14769 
           -467.67628              26.58076            -441.09552            2142.04888 
           -474.27533              33.10334            -441.17199            2667.68021 
           -473.67991              32.54837            -441.13154            2622.95740 
           -472.54120              31.54868            -440.99251            2542.39613 
           -469.81033              29.11924            -440.69109            2346.61570 
           -471.35079              30.84336            -440.50743            2485.55632 
           -473.58774              33.20444            -440.38331            2675.82726 
           -471.81414              31.66060            -440.15354            2551.41545 
           -474.11365              34.05582            -440.05783            2744.43746 
           -472.32692              32.13806            -440.18885            2589.89206 
           -466.59804              26.02226            -440.57578            2097.04141 
           -468.29236              27.17173            -441.12063            2189.67317 
           -472.31058              30.96668            -441.34390            2495.49487 
           -474.06765              32.72035            -441.34730            2636.81672 
           -472.85140              31.63214            -441.21926            2549.12158 
           -477.90211              36.81002            -441.09209            2966.38859 
           -477.40330              36.52882            -440.87448            2943.72766 
           -473.75449              33.15974            -440.59475            2672.22543 
           -478.36518              37.89153            -440.47365            3053.54363 
           -479.83737              39.54998            -440.28740            3187.19202 
           -477.20679              37.16669            -440.04010            2995.13094 
           -476.94141              37.17768            -439.76373            2996.01715 
           -478.27959              38.81541            -439.46418            3127.99573 
           -483.91056              44.37512            -439.53544            3576.03318 
           -485.09732              45.41462            -439.68270            3659.80296 
           -487.64078              47.72447            -439.91630            3845.94552 
           -483.65284              43.71734            -439.93550            3523.02472 
           -485.73572              45.67347            -440.06225            3680.66227 
           -482.37441              42.36091            -440.01350            3413.71461 
           -482.91426              43.05726            -439.85700            3469.83174 
           -486.29001              46.58104            -439.70897            3753.80030 
           -486.79154              47.00964            -439.78191            3788.33927 
           -487.14295              47.27282            -439.87013            3809.54860 
           -485.38443              45.75855            -439.62587            3687.51899 
           -483.41610              44.11606            -439.30004            3555.15610 
           -488.28871              49.09414            -439.19457            3956.32223 
           -478.60124              39.49113            -439.11011            3182.44977 
           -482.34142              43.14625            -439.19517            3477.00238 
           -490.41724              50.96994            -439.44730            4107.48580 
           -483.64972              44.26279            -439.38693            3566.98084 
           -489.22057              49.58643            -439.63414            3995.99429 
           -479.58594              40.06765            -439.51829            3228.90947 
           -485.41377              45.72325            -439.69051            3684.67401 
           -484.08746              44.39818            -439.68929            3577.89113 
