           -524.64912               0.81399            -523.83513              65.59682 
           -524.16921               0.54825            -523.62096              44.18131 
           -524.81765               1.49221            -523.32544             120.25185 
           -524.59148               1.62021            -522.97127             130.56674 
           -524.50016               1.90957            -522.59060             153.88507 
           -524.48255               2.28588            -522.19667             184.21059 
           -523.94800               2.12571            -521.82228             171.30374 
           -523.82854               2.33071            -521.49783             187.82387 
           -523.92975               2.73780            -521.19195             220.62976 
           -524.29124               3.42263            -520.86861             275.81736 
           -524.68233               4.16144            -520.52090             335.35531 
           -524.79897               4.60741            -520.19156             371.29499 
           -525.14504               5.20463            -519.94041             419.42231 
           -525.29352               5.50889            -519.78463             443.94175 
           -525.03591               5.30603            -519.72988             427.59408 
           -524.85204               5.06230            -519.78974             407.95293 
           -524.78312               4.80580            -519.97732             387.28240 
           -524.39487               4.12429            -520.27058             332.36210 
           -524.16267               3.52395            -520.63873             283.98229 
           -524.12144               3.05933            -521.06211             246.54088 
           -523.93643               2.41932            -521.51711             194.96442 
           -523.88561               1.92848            -521.95713             155.40938 
           -524.05685               1.70737            -522.34948             137.59110 
           -524.05154               1.34847            -522.70307             108.66861 
           -524.13037               1.10837            -523.02200              89.31929 
           -524.71912               1.42908            -523.29004             115.16463 
           -525.03120               1.52486            -523.50634             122.88314 
           -525.07330               1.38114            -523.69216             111.30083 
           -525.20007               1.34284            -523.85723             108.21472 
           -525.03052               1.06547            -523.96505              85.86276 
           -524.76763               0.81719            -523.95044              65.85465 
           -524.75957               0.98453            -523.77505              79.33957 
           -524.70113               1.24723            -523.45390             100.50976 
           -524.25975               1.23784            -523.02192              99.75279 
           -524.15264               1.61859            -522.53405             130.43663 
           -524.19114               2.13075            -522.06039             171.70916 
           -523.88858               2.26473            -521.62385             182.50637 
           -523.88863               2.67200            -521.21664             215.32669 
           -524.05758               3.22133            -520.83625             259.59592 
           -524.39314               3.87388            -520.51926             312.18197 
           -524.38824               4.10342            -520.28482             330.67993 
           -524.38602               4.25930            -520.12672             343.24207 
           -525.12553               5.09060            -520.03493             410.23353 
           -525.49618               5.51031            -519.98587             444.05623 
           -525.16589               5.19929            -519.96660             418.99204 
           -525.02252               5.03048            -519.99204             405.38847 
           -524.78407               4.69676            -520.08731             378.49495 
           -524.37161               4.08478            -520.28683             329.17749 
           -524.16693               3.54266            -520.62428             285.49007 
           -524.07399               2.97597            -521.09802             239.82280 
           -523.74760               2.12099            -521.62661             170.92313 
           -523.91233               1.75968            -522.15266             141.80599 
           -524.53956               1.87514            -522.66442             151.11048 
           -524.69606               1.60009            -523.09597             128.94560 
           -524.71861               1.32436            -523.39425             106.72533 
           -524.73262               1.16823            -523.56439              94.14319 
           -524.77252               1.13129            -523.64123              91.16663 
           -524.84703               1.19170            -523.65533              96.03479 
           -524.89810               1.27415            -523.62395             102.67931 
           -524.82758               1.27387            -523.55372             102.65634 
           -524.72920               1.28451            -523.44469             103.51412 
           -524.65668               1.37511            -523.28157             110.81533 
           -524.39168               1.35903            -523.03265             109.51902 
           -524.22631               1.54506            -522.68124             124.51124 
           -524.16715               1.92475            -522.24241             155.10835 
           -523.97488               2.21899            -521.75589             178.82054 
           -524.10021               2.84499            -521.25523             229.26724 
           -524.26314               3.50353            -520.75961             282.33666 
           -524.23529               3.91263            -520.32267             315.30477 
           -524.69027               4.68759            -520.00267             377.75648 
           -525.18930               5.37617            -519.81313             433.24624 
           -525.13868               5.39350            -519.74518             434.64306 
           -525.27251               5.47552            -519.79700             441.25263 
           -525.23607               5.30538            -519.93069             427.54203 
           -524.94071               4.83759            -520.10311             389.84444 
           -524.86757               4.56596            -520.30160             367.95462 
           -524.32735               3.79132            -520.53603             305.52923 
           -523.75356               2.92191            -520.83165             235.46640 
           -523.89781               2.71437            -521.18344             218.74122 
           -523.76633               2.21068            -521.55566             178.15055 
           -523.85309               1.89411            -521.95898             152.63938 
           -524.26531               1.86822            -522.39709             150.55304 
           -524.32015               1.46290            -522.85724             117.89025 
           -524.75907               1.44539            -523.31368             116.47886 
           -524.96550               1.26602            -523.69948             102.02402 
           -524.88773               0.91464            -523.97309              73.70741 
           -525.12990               1.02722            -524.10267              82.78030 
           -525.22967               1.15548            -524.07419              93.11580 
           -525.16248               1.23875            -523.92373              99.82644 
           -524.97501               1.28048            -523.69452             103.18954 
           -524.69146               1.28987            -523.40160             103.94584 
           -524.48110               1.44092            -523.04018             116.11892 
           -524.43624               1.79405            -522.64219             144.57613 
           -524.11762               1.86425            -522.25337             150.23340 
           -523.88986               2.00093            -521.88894             161.24764 
           -524.03169               2.50029            -521.53139             201.48966 
           -524.03037               2.87426            -521.15610             231.62669 
           -524.17889               3.39857            -520.78031             273.87905 
           -524.58268               4.14352            -520.43916             333.91133 
           -524.81813               4.67683            -520.14130             376.88871 
           -524.87123               4.97965            -519.89159             401.29205 
           -525.13798               5.41407            -519.72391             436.30059 
           -525.45487               5.77573            -519.67915             465.44525 
           -525.16274               5.39129            -519.77145             434.46490 
           -524.91922               4.91009            -520.00913             395.68659 
           -524.89896               4.51960            -520.37935             364.21861 
           -524.55971               3.72997            -520.82974             300.58537 
           -524.23337               2.95833            -521.27504             238.40127 
           -523.91589               2.27319            -521.64270             183.18835 
           -523.89555               1.92964            -521.96591             155.50296 
           -524.16962               1.87360            -522.29602             150.98691 
           -524.58334               1.94467            -522.63867             156.71403 
           -524.77855               1.80573            -522.97282             145.51756 
           -524.92211               1.64259            -523.27952             132.37070 
           -525.19461               1.65414            -523.54047             133.30086 
           -525.11547               1.38558            -523.72990             111.65859 
           -525.05535               1.22878            -523.82658              99.02295 
           -524.78766               0.98227            -523.80538              79.15790 
           -524.49492               0.82931            -523.66561              66.83086 
           -524.76617               1.34809            -523.41808             108.63788 
           -524.82259               1.75817            -523.06442             141.68449 
           -524.71425               2.06023            -522.65402             166.02664 
           -524.42154               2.19367            -522.22787             176.78008 
           -524.14875               2.35350            -521.79525             189.66052 
           -524.20236               2.85411            -521.34824             230.00281 
           -524.23224               3.33199            -520.90025             268.51287 
           -524.32681               3.77844            -520.54837             304.49107 
           -524.58586               4.26370            -520.32216             343.59635 
           -525.21499               5.04404            -520.17095             406.48163 
           -525.34730               5.30786            -520.03944             427.74166 
           -525.44790               5.52488            -519.92302             445.23031 
           -525.48769               5.64075            -519.84693             454.56826 
           -525.02993               5.17190            -519.85802             416.78521 
           -524.77937               4.77568            -520.00369             384.85515 
           -524.73367               4.44578            -520.28789             358.26956 
           -524.45934               3.79549            -520.66385             305.86463 
           -524.13038               3.05918            -521.07120             246.52882 
           -524.02557               2.53905            -521.48652             204.61328 
           -524.16020               2.22864            -521.93157             179.59780 
           -524.24012               1.83382            -522.40631             147.78069 
           -524.42236               1.56617            -522.85620             126.21190 
           -524.62415               1.40621            -523.21794             113.32163 
           -524.76741               1.28634            -523.48107             103.66172 
           -525.09631               1.43023            -523.66608             115.25675 
           -525.31538               1.53842            -523.77696             123.97592 
           -525.45503               1.64278            -523.81225             132.38597 
           -525.55051               1.76893            -523.78157             142.55209 
           -525.30192               1.60325            -523.69867             129.20024 
           -524.86366               1.30092            -523.56275             104.83642 
           -524.65850               1.30736            -523.35114             105.35553 
           -524.53336               1.48880            -523.04456             119.97702 
           -524.43825               1.78626            -522.65199             143.94825 
           -524.27320               2.10197            -522.17124             169.38999 
           -524.29974               2.66537            -521.63437             214.79244 
           -524.49926               3.38148            -521.11778             272.50178 
           -524.54266               3.85937            -520.68329             311.01261 
           -524.54471               4.19070            -520.35401             337.71356 
           -524.68766               4.56100            -520.12667             367.55437 
           -524.80948               4.81337            -519.99611             387.89231 
           -525.22380               5.26113            -519.96266             423.97606 
           -525.62443               5.61962            -520.00481             452.86532 
           -525.55613               5.46920            -520.08694             440.74306 
           -525.37283               5.18187            -520.19096             417.58852 
           -525.18883               4.85328            -520.33555             391.10858 
           -524.78504               4.23868            -520.54636             341.58010 
           -524.37343               3.54049            -520.83294             285.31545 
           -524.23937               3.02616            -521.21322             243.86708 
           -524.32738               2.65438            -521.67300             213.90709 
           -524.48328               2.32990            -522.15338             187.75835 
           -524.76772               2.17854            -522.58918             175.56072 
           -524.94344               1.99031            -522.95313             160.39166 
           -525.25903               1.98629            -523.27274             160.06803 
           -525.21724               1.67275            -523.54449             134.80118 
           -525.02734               1.29051            -523.73683             103.99747 
           -525.26982               1.45113            -523.81869             116.94144 
           -525.24583               1.47417            -523.77166             118.79842 
           -525.05471               1.43729            -523.61742             115.82581 
           -525.06175               1.68063            -523.38113             135.43566 
           -524.98190               1.90343            -523.07847             153.39028 
           -524.92476               2.18050            -522.74426             175.71887 
           -524.75380               2.34691            -522.40689             189.12937 
           -524.43315               2.36908            -522.06407             190.91542 
           -524.45676               2.75012            -521.70663             221.62271 
           -524.49008               3.16956            -521.32052             255.42340 
           -524.52391               3.61410            -520.90981             291.24750 
           -524.83291               4.33807            -520.49484             349.58942 
           -525.33147               5.22065            -520.11082             420.71387 
           -525.59485               5.77342            -519.82143             465.25910 
           -525.60823               5.92493            -519.68330             477.46935 
           -525.55189               5.86533            -519.68656             472.66619 
           -525.54875               5.75402            -519.79473             463.69635 
           -525.45218               5.46519            -519.98698             440.42054 
           -525.09424               4.83092            -520.26333             389.30636 
           -524.75452               4.13705            -520.61747             333.39006 
           -524.62269               3.61543            -521.00727             291.35424 
           -524.39149               2.98976            -521.40173             240.93423 
           -524.35049               2.55099            -521.79950             205.57512 
           -524.39564               2.22554            -522.17010             179.34874 
           -524.41221               1.90422            -522.50799             153.45443 
           -524.85032               2.01861            -522.83171             162.67233 
           -525.31106               2.16526            -523.14580             174.49064 
           -525.49981               2.03723            -523.46258             164.17299 
           -525.58672               1.82518            -523.76153             147.08500 
           -525.60188               1.61788            -523.98399             130.37931 
           -525.74870               1.65725            -524.09144             133.55223 
           -525.53460               1.50535            -524.02925             121.31094 
           -525.19561               1.41932            -523.77629             114.37765 
           -525.20598               1.81391            -523.39207             146.17663 
           -525.04719               2.08431            -522.96289             167.96685 
           -524.80632               2.26754            -522.53878             182.73328 
           -524.88256               2.75026            -522.13230             221.63355 
           -524.70331               2.96788            -521.73543             239.17088 
           -524.52532               3.16574            -521.35958             255.11555 
           -524.66639               3.65161            -521.01478             294.27044 
           -524.79149               4.09674            -520.69475             330.14149 
           -525.17935               4.76609            -520.41326             384.08262 
           -525.30880               5.12751            -520.18129             413.20743 
           -525.41110               5.39409            -520.01701             434.69083 
           -525.81901               5.89099            -519.92802             474.73396 
           -525.81953               5.91478            -519.90475             476.65136 
           -525.74508               5.78169            -519.96338             465.92599 
           -525.76032               5.64085            -520.11947             454.57603 
           -525.21091               4.84841            -520.36250             390.71610 
           -524.87346               4.17690            -520.69655             336.60184 
           -524.72035               3.61292            -521.10743             291.15214 
           -524.52046               2.92425            -521.59621             235.65458 
           -524.87501               2.74235            -522.13265             220.99661 
           -524.88531               2.28494            -522.60037             184.13519 
           -525.23510               2.26392            -522.97118             182.44094 
           -525.49239               2.26142            -523.23098             182.23953 
           -525.39834               2.01372            -523.38462             162.27884 
           -525.94854               2.45991            -523.48862             198.23576 
           -525.84711               2.28676            -523.56035             184.28150 
           -525.34953               1.74556            -523.60397             140.66833 
           -525.50923               1.90305            -523.60618             153.36014 
           -525.48067               1.95470            -523.52597             157.52235 
           -525.28971               1.93938            -523.35033             156.28753 
           -525.29459               2.20579            -523.08880             177.75656 
           -525.01712               2.27888            -522.73824             183.64665 
           -524.88343               2.58307            -522.30036             208.16025 
           -525.03868               3.24015            -521.79853             261.11214 
           -524.89188               3.61672            -521.27516             291.45853 
           -525.15265               4.33831            -520.81434             349.60885 
           -525.26306               4.83452            -520.42854             389.59668 
           -525.26760               5.15380            -520.11380             415.32609 
           -525.69444               5.78068            -519.91376             465.84458 
           -526.00818               6.16883            -519.83935             497.12413 
           -526.13608               6.26300            -519.87308             504.71297 
           -526.11687               6.13247            -519.98440             494.19396 
           -525.89893               5.76425            -520.13468             464.52030 
           -525.59225               5.29268            -520.29957             426.51840 
           -525.29298               4.81389            -520.47909             387.93404 
           -525.09414               4.38532            -520.70882             353.39704 
           -524.80891               3.77627            -521.03265             304.31578 
           -524.64838               3.19185            -521.45653             257.21983 
           -524.81355               2.88195            -521.93160             232.24570 
           -525.09190               2.69142            -522.40047             216.89232 
           -525.15680               2.32104            -522.83577             187.04412 
           -525.39719               2.16085            -523.23634             174.13502 
           -525.82755               2.25980            -523.56775             182.10910 
           -525.95075               2.16684            -523.78391             174.61771 
           -526.05735               2.17947            -523.87787             175.63611 
           -526.16046               2.29822            -523.86224             185.20542 
           -525.95514               2.19439            -523.76075             176.83820 
           -525.95996               2.35262            -523.60734             189.58949 
           -525.81811               2.41408            -523.40403             194.54186 
           -525.55157               2.40996            -523.14161             194.21020 
           -525.33876               2.52897            -522.80979             203.80044 
           -525.00776               2.59506            -522.41270             209.12677 
           -525.06900               3.07402            -521.99498             247.72443 
           -525.13346               3.54389            -521.58956             285.58987 
           -525.20769               4.00034            -521.20734             322.37353 
           -525.41547               4.57217            -520.84330             368.45473 
           -525.37580               4.88634            -520.48946             393.77250 
           -525.71069               5.53800            -520.17270             446.28754 
           -526.18618               6.25019            -519.93599             503.68076 
           -526.05656               6.25487            -519.80170             504.05751 
           -526.00654               6.21503            -519.79150             500.84731 
           -526.14063               6.22912            -519.91150             501.98293 
           -526.09571               5.95450            -520.14121             479.85180 
           -526.11199               5.66109            -520.45090             456.20745 
           -525.80228               5.00162            -520.80066             403.06288 
           -525.33050               4.16355            -521.16696             335.52535 
           -525.04738               3.53144            -521.51594             284.58615 
           -524.91818               3.08875            -521.82943             248.91147 
           -525.19485               3.03687            -522.15798             244.73080 
           -525.61485               3.08398            -522.53088             248.52685 
           -525.87765               2.94739            -522.93027             237.51948 
           -526.06907               2.76390            -523.30517             222.73309 
           -526.26335               2.66957            -523.59378             215.13131 
           -526.19041               2.42255            -523.76787             195.22441 
           -526.10826               2.27978            -523.82847             183.71970 
           -526.23360               2.44669            -523.78691             197.17011 
           -525.94514               2.29975            -523.64539             185.32882 
           -525.67373               2.25776            -523.41596             181.94523 
           -525.85334               2.74267            -523.11066             221.02241 
           -525.84845               3.11458            -522.73387             250.99331 
           -525.56231               3.25556            -522.30675             262.35389 
           -525.51895               3.63892            -521.88004             293.24760 
           -525.34224               3.86902            -521.47322             311.79056 
           -525.29608               4.20224            -521.09384             338.64347 
           -525.44359               4.70339            -520.74020             379.02972 
           -525.90513               5.47667            -520.42846             441.34495 
           -526.39387               6.21950            -520.17437             501.20735 
           -526.35519               6.39239            -519.96281             515.13961 
           -526.63079               6.82055            -519.81024             549.64364 
           -526.71057               6.97064            -519.73993             561.73943 
           -526.42012               6.63508            -519.78504             534.69730 
           -526.38439               6.40925            -519.97514             516.49869 
           -525.87160               5.59125            -520.28034             450.57901 
           -525.54426               4.88413            -520.66014             393.59439 
           -525.61912               4.54942            -521.06970             366.62178 
           -525.40527               3.92887            -521.47640             316.61366 
           -525.44507               3.56741            -521.87766             287.48497 
           -525.56523               3.29002            -522.27520             265.13134 
           -525.51237               2.85029            -522.66208             229.69495 
           -525.86480               2.85071            -523.01408             229.72881 
           -526.03228               2.73355            -523.29873             220.28700 
           -526.30011               2.77640            -523.52371             223.74036 
           -526.71910               3.02371            -523.69539             243.66979 
           -526.74848               2.93952            -523.80896             236.88524 
           -526.84584               2.98859            -523.85725             240.83962 
           -526.64360               2.83205            -523.81155             228.22472 
           -526.29598               2.62900            -523.66698             211.86212 
           -526.26159               2.83074            -523.43085             228.11940 
           -525.93826               2.84062            -523.09764             228.91572 
           -525.86044               3.16571            -522.69473             255.11315 
           -525.87013               3.63013            -522.24000             292.53907 
           -525.92304               4.17335            -521.74969             336.31562 
           -526.12715               4.87028            -521.25688             392.47823 
           -526.21299               5.40485            -520.80814             435.55772 
           -526.39238               5.92878            -520.46360             477.77960 
           -526.66574               6.42661            -520.23913             517.89774 
           -526.84574               6.73286            -520.11288             542.57719 
           -527.14950               7.08622            -520.06328             571.05325 
           -527.80659               7.73243            -520.07416             623.12897 
           -528.11862               8.00011            -520.11851             644.70032 
           -528.08600               7.89764            -520.18836             636.44242 
           -528.29216               7.98516            -520.30700             643.49579 
           -528.38466               7.87892            -520.50575             634.93390 
           -528.34426               7.54017            -520.80409             607.63571 
           -528.70375               7.50643            -521.19733             604.91626 
           -529.19990               7.54182            -521.65808             607.76854 
           -529.73488               7.59278            -522.14210             611.87533 
           -530.88602               8.28484            -522.60119             667.64557 
           -532.49392               9.49897            -522.99494             765.48837 
           -534.12017              10.81652            -523.30365             871.66513 
           -535.03116              11.49803            -523.53313             926.58513 
           -534.24985              10.56759            -523.68226             851.60479 
           -534.44790              10.67028            -523.77762             859.87962 
           -535.39391              11.58508            -523.80882             933.60076 
           -536.11399              12.33969            -523.77430             994.41136 
           -537.02134              13.32655            -523.69479            1073.93937 
           -535.82189              12.30684            -523.51505             991.76473 
           -535.35112              12.09264            -523.25848             974.50255 
           -534.58769              11.61492            -522.97276             936.00546 
           -533.08925              10.36810            -522.72114             835.52859 
           -533.04509              10.52790            -522.51720             848.40561 
           -532.34293              10.10686            -522.23606             814.47593 
           -531.77579               9.95030            -521.82549             801.85888 
           -529.32578               8.07895            -521.24683             651.05384 
           -529.91215               9.21547            -520.69668             742.64163 
           -532.25466              11.82123            -520.43344             952.63069 
           -534.13493              13.54198            -520.59296            1091.29965 
           -534.62881              13.69147            -520.93733            1103.34723 
           -537.02865              15.66542            -521.36323            1262.42056 
           -541.81667              19.81582            -522.00085            1596.88646 
           -545.33974              22.32006            -523.01968            1798.69424 
           -545.03005              20.87990            -524.15015            1682.63686 
           -535.92123              11.16401            -524.75722             899.66762 
           -541.88522              16.46626            -525.41896            1326.95731 
           -539.61193              13.59549            -526.01644            1095.61217 
           -539.76924              12.87320            -526.89603            1037.40567 
           -546.50371              18.52439            -527.97931            1492.81495 
           -541.40353              12.50805            -528.89548            1007.97957 
           -535.06279               5.28398            -529.77881             425.81711 
           -541.91039              11.10639            -530.80401             895.02431 
           -549.82298              18.13590            -531.68708            1461.50797 
           -546.10815              13.89836            -532.20980            1120.01907 
           -540.57648               8.13769            -532.43879             655.78770 
           -543.68539              11.22677            -532.45862             904.72563 
           -542.54638              10.50627            -532.04011             846.66299 
           -543.69097              12.02177            -531.66921             968.79131 
           -547.15690              15.49795            -531.65895            1248.92495 
           -548.00933              16.05479            -531.95454            1293.79815 
           -545.23499              12.61389            -532.62110            1016.50860 
           -541.39153               7.68578            -533.70575             619.36977 
           -542.60417               7.76849            -534.83567             626.03523 
           -544.57127               9.26769            -535.30358             746.85050 
           -547.18747              12.09376            -535.09371             974.59279 
           -546.06848              11.75257            -534.31591             947.09815 
           -543.54630              10.11834            -533.42796             815.40098 
           -538.07668               5.38517            -532.69151             433.97151 
           -540.38713               8.17807            -532.20905             659.04191 
           -547.95440              16.10932            -531.84508            1298.19288 
           -548.21481              16.75601            -531.45880            1350.30728 
           -542.65004              11.52684            -531.12320             928.90704 
           -539.41352               8.38278            -531.03075             675.53807 
           -539.79494               8.64690            -531.14804             696.82305 
           -544.00354              12.69908            -531.30446            1023.37388 
           -548.63808              17.33267            -531.30541            1396.77806 
           -549.12082              18.13127            -530.98955            1461.13485 
           -547.78986              17.23231            -530.55756            1388.69021 
           -549.47281              19.17636            -530.29645            1545.35491 
           -549.37795              19.26241            -530.11555            1552.28873 
           -548.96589              18.87552            -530.09037            1521.11079 
           -544.11211              13.84437            -530.26775            1115.66816 
           -543.58040              12.59429            -530.98611            1014.92894 
           -546.99476              15.18734            -531.80743            1223.89332 
           -548.45241              16.33014            -532.12227            1315.98759 
           -547.37967              15.17431            -532.20536            1222.84395 
           -541.68560               9.50485            -532.18075             765.96239 
           -545.78107              13.49205            -532.28903            1087.27611 
           -549.51818              17.01562            -532.50256            1371.22841 
           -545.99776              13.35943            -532.63832            1076.58906 
           -546.72678              13.95927            -532.76751            1124.92796 
           -546.92265              14.28560            -532.63706            1151.22537 
           -543.43218              11.85282            -531.57936             955.17672 
           -545.51770              15.20974            -530.30795            1225.69898 
           -540.15134              10.49600            -529.65534             845.83514 
           -542.96188              13.58455            -529.37733            1094.73068 
           -543.39629              14.59743            -528.79886            1176.35471 
           -533.18642               6.55338            -526.63304             528.11338 
           -543.36738              18.26210            -525.10528            1471.67762 
           -534.78602              10.42073            -524.36529             839.76927 
           -540.57518              16.59209            -523.98308            1337.09765 
           -536.00984              13.24843            -522.76142            1067.64373 
           -539.20300              17.60425            -521.59875            1418.66381 
           -533.62949              12.78162            -520.84787            1030.02528 
           -544.87845              24.27241            -520.60604            1956.02719 
           -534.89757              15.32285            -519.57472            1234.81407 
           -538.04767              19.87777            -518.16990            1601.87863 
           -538.38898              21.34035            -517.04863            1719.74279 
           -533.75911              17.33013            -516.42898            1396.57352 
           -541.04684              24.89815            -516.14869            2006.45320 
           -534.28900              18.71471            -515.57429            1508.15158 
           -534.91856              19.83498            -515.08358            1598.43070 
           -530.55125              15.85766            -514.69360            1277.91215 
           -531.94232              17.46224            -514.48008            1407.21973 
           -533.01019              19.01336            -513.99684            1532.21882 
           -529.68847              16.42682            -513.26166            1323.77862 
           -529.76484              17.11270            -512.65214            1379.05179 
           -530.12131              17.99708            -512.12424            1450.32037 
           -524.28371              13.08858            -511.19513            1054.76247 
           -525.52259              15.53089            -509.99170            1251.57930 
           -529.85676              20.56475            -509.29201            1657.24028 
           -527.32478              18.29269            -509.03209            1474.14266 
           -523.81464              14.90364            -508.91100            1201.03104 
           -525.01184              16.16972            -508.84212            1303.06015 
           -525.29173              16.59659            -508.69514            1337.45985 
           -523.62750              15.18551            -508.44199            1223.74617 
           -523.76408              15.68730            -508.07678            1264.18348 
           -523.65452              15.98250            -507.67202            1287.97315 
           -522.86117              15.47721            -507.38396            1247.25342 
           -523.77491              16.59363            -507.18128            1337.22144 
           -524.55455              17.63312            -506.92143            1420.99067 
           -527.07362              20.34803            -506.72559            1639.77560 
           -524.70932              18.16533            -506.54399            1463.87945 
           -522.01590              15.54588            -506.47002            1252.78723 
           -519.72323              13.16596            -506.55727            1060.99785 
           -519.22008              12.41415            -506.80593            1000.41241 
           -518.56951              11.54228            -507.02724             930.15087 
           -520.18051              12.90720            -507.27331            1040.14512 
           -520.12708              12.56289            -507.56419            1012.39878 
           -517.49797               9.58243            -507.91554             772.21363 
           -518.82907              10.43750            -508.39157             841.12125 
           -520.89878              12.04414            -508.85464             970.59471 
           -521.04690              11.83955            -509.20735             954.10698 
           -522.43952              12.87138            -509.56814            1037.25851 
           -521.75622              11.80790            -509.94832             951.55636 
           -520.72387              10.38702            -510.33685             837.05326 
           -522.59671              11.91390            -510.68281             960.09914 
           -523.18325              12.29474            -510.88852             990.78903 
           -523.05513              12.09402            -510.96111             974.61400 
           -525.52772              14.54323            -510.98449            1171.98701 
           -527.13629              16.15383            -510.98246            1301.78002 
           -526.56285              15.60179            -510.96105            1257.29287 
           -529.78530              18.78410            -511.00120            1513.74362 
           -532.00401              20.92466            -511.07934            1686.24416 
           -532.17631              20.93933            -511.23698            1687.42572 
           -534.03534              22.61756            -511.41777            1822.66891 
           -538.81530              27.21176            -511.60354            2192.89856 
           -540.63297              28.91185            -511.72111            2329.90336 
           -541.34639              29.59145            -511.75494            2384.66982 
           -542.73795              31.00384            -511.73411            2498.48902 
           -543.33825              31.60703            -511.73122            2547.09816 
           -547.02341              35.02738            -511.99603            2822.73199 
           -546.89675              34.39915            -512.49760            2772.10533 
           -545.19773              32.06369            -513.13404            2583.89907 
           -547.63668              33.79419            -513.84249            2723.35370 
           -547.77824              33.40673            -514.37151            2692.12908 
           -544.47797              30.03445            -514.44352            2420.36950 
           -545.07699              30.77873            -514.29826            2480.34816 
           -538.84151              24.77246            -514.06905            1996.32443 
           -537.25437              23.22792            -514.02645            1871.85540 
           -541.05071              26.71113            -514.33957            2152.55527 
           -532.34823              17.21476            -515.13347            1387.27606 
           -535.80226              19.06876            -516.73350            1536.68313 
           -534.72225              17.18853            -517.53372            1385.16252 
           -537.22452              19.60546            -517.61906            1579.93456 
           -536.11059              19.31133            -516.79926            1556.23119 
           -533.74824              17.96791            -515.78033            1447.97006 
           -533.97051              18.69696            -515.27355            1506.72143 
           -535.78464              20.96602            -514.81861            1689.57706 
           -537.42646              23.36440            -514.06206            1882.85361 
           -543.09673              29.61250            -513.48423            2386.36613 
           -542.69092              29.54524            -513.14569            2380.94548 
           -543.04321              30.11863            -512.92458            2427.15331 
           -543.86438              31.03129            -512.83310            2500.70110 
           -546.98710              34.11783            -512.86927            2749.43451 
           -544.84983              32.05291            -512.79693            2583.02972 
           -543.57318              30.87187            -512.70131            2487.85398 
           -545.36221              32.86592            -512.49629            2648.54757 
           -545.50851              33.44399            -512.06452            2695.13173 
           -544.07232              32.48795            -511.58437            2618.08833 
           -543.89221              32.60152            -511.29069            2627.24046 
           -539.40522              28.37096            -511.03426            2286.31433 
           -539.14878              28.31760            -510.83119            2282.01458 
           -536.54434              26.07935            -510.46499            2101.64188 
           -533.36145              23.36624            -509.99521            1883.00225 
           -532.80180              23.10880            -509.69301            1862.25557 
           -529.31317              19.78333            -509.52984            1594.26806 
           -526.37280              16.88634            -509.48646            1360.80992 
           -524.62688              15.12400            -509.50288            1218.78931 
           -525.51266              15.95393            -509.55874            1285.67008 
           -524.53281              14.99648            -509.53633            1208.51312 
           -522.69580              13.23416            -509.46164            1066.49414 
           -520.05491              10.76772            -509.28719             867.73226 
           -518.50254               9.49478            -509.00775             765.15084 
           -517.12593               8.49095            -508.63498             684.25520 
           -516.45403               8.18286            -508.27117             659.42746 
           -517.28048               9.28914            -507.99134             748.57872 
           -517.45947               9.68256            -507.77691             780.28328 
           -516.63536               9.05363            -507.58173             729.60014 
           -517.24647               9.85659            -507.38988             794.30754 
           -518.00068              10.85445            -507.14624             874.72110 
           -518.38848              11.62511            -506.76337             936.82645 
           -520.46036              14.24740            -506.21296            1148.14745 
           -522.60209              17.03261            -505.56948            1372.59710 
           -523.20065              18.17530            -505.02535            1464.68295 
           -522.89853              18.28470            -504.61383            1473.49888 
           -523.65542              19.41408            -504.24135            1564.51123 
           -524.22612              20.50028            -503.72585            1652.04433 
           -526.15503              23.04823            -503.10680            1857.37477 
           -524.42224              21.92270            -502.49954            1766.67228 
           -524.59159              22.62804            -501.96354            1823.51332 
           -527.02902              25.60450            -501.42452            2063.37540 
           -524.98798              24.16763            -500.82035            1947.58325 
           -523.06511              22.81889            -500.24622            1838.89347 
           -520.63440              20.86928            -499.76512            1681.78116 
           -518.09854              18.84655            -499.25199            1518.77616 
           -516.33526              17.70117            -498.63410            1426.47404 
           -516.76668              18.77924            -497.98744            1513.35224 
           -514.21578              16.92810            -497.28769            1364.17497 
           -512.48408              16.04981            -496.43427            1293.39687 
           -510.33190              15.51572            -494.81618            1250.35674 
           -510.17604              17.09454            -493.08150            1377.58806 
           -509.68520              17.81246            -491.87274            1435.44257 
           -507.19128              16.56506            -490.62623            1334.91905 
           -510.56600              21.25982            -489.30618            1713.25327 
           -509.38839              21.22095            -488.16744            1710.12085 
           -513.34632              25.98044            -487.36587            2093.67153 
           -512.78920              26.26011            -486.52908            2116.20901 
           -516.88350              30.92368            -485.95981            2492.02967 
           -518.69091              33.02306            -485.66785            2661.21126 
           -520.58660              35.05155            -485.53506            2824.67943 
           -521.65676              36.29218            -485.36458            2924.65753 
           -522.37852              37.23630            -485.14223            3000.74055 
           -521.06790              36.20491            -484.86299            2917.62515 
           -523.45874              38.70780            -484.75094            3119.32391 
           -523.46709              38.61388            -484.85321            3111.75500 
           -521.35891              36.22378            -485.13514            2919.14534 
           -520.32849              34.76285            -485.56564            2801.41469 
           -517.53044              31.44511            -486.08533            2534.04922 
           -514.58451              28.00881            -486.57570            2257.13008 
           -509.58565              22.63443            -486.95122            1824.02841 
           -511.29939              23.94594            -487.35346            1929.71793 
           -507.74627              20.13932            -487.60695            1622.95638 
           -506.68191              18.81731            -487.86460            1516.42010 
           -506.26973              18.19342            -488.07631            1466.14286 
           -504.79668              16.58469            -488.21200            1336.50093 
           -503.53072              15.24988            -488.28084            1228.93379 
           -504.57064              16.16330            -488.40734            1302.54261 
           -503.96113              15.40376            -488.55737            1241.33452 
           -506.25969              17.42346            -488.83623            1404.09447 
           -504.94295              15.77466            -489.16829            1271.22378 
           -504.42189              14.86227            -489.55962            1197.69746 
           -505.53629              15.75766            -489.77863            1269.85372 
           -507.32705              17.46636            -489.86068            1407.55202 
           -508.06891              18.23595            -489.83296            1469.57029 
           -510.72298              20.98195            -489.74104            1690.86037 
           -509.54401              20.03984            -489.50417            1614.93916 
           -509.55088              20.24980            -489.30108            1631.85969 
           -511.33856              22.15805            -489.18051            1785.63877 
           -512.48768              23.32885            -489.15883            1879.98886 
           -513.94698              24.78205            -489.16493            1997.09732 
           -516.92681              27.81878            -489.10803            2241.81666 
           -517.07779              28.15063            -488.92716            2268.55892 
           -517.85785              29.19765            -488.66021            2352.93433 
           -520.63325              32.32110            -488.31216            2604.64208 
