             -0.00625              -0.12517              -0.17487 
             -0.00953              -0.22231              -0.17187 
             -0.00682              -0.27593              -0.19465 
             -0.00163              -0.30560              -0.14743 
              0.00398              -0.32841              -0.00394 
              0.00547              -0.32574               0.13274 
              0.00098              -0.28946               0.14980 
             -0.00414              -0.25738               0.10888 
             -0.00931              -0.25756               0.13891 
             -0.01155              -0.28383               0.23616 
             -0.00196              -0.29051               0.25158 
              0.01110              -0.24715               0.12676 
              0.01259              -0.17147              -0.01121 
              0.00718              -0.08796              -0.04955 
              0.00116               0.00051              -0.00922 
             -0.00719               0.10201              -0.00635 
             -0.01028               0.20557              -0.08570 
             -0.00524               0.28049              -0.15812 
             -0.00020               0.33101              -0.17287 
              0.00367               0.37084              -0.14814 
              0.00640               0.38150              -0.14123 
              0.00519               0.34706              -0.16223 
              0.00080               0.30747              -0.12009 
             -0.00379               0.28374               0.01395 
             -0.00385               0.24636               0.11607 
              0.00181               0.19757               0.08831 
              0.00577               0.16605              -0.00854 
              0.00418               0.14700              -0.03111 
             -0.00038               0.12173               0.08255 
             -0.00682               0.04926               0.20795 
             -0.00935              -0.07788               0.20971 
             -0.00504              -0.21325               0.13184 
              0.00181              -0.31848               0.07113 
              0.01172              -0.39170               0.06100 
              0.01429              -0.41119               0.02048 
              0.00636              -0.37766              -0.07907 
              0.00055              -0.34890              -0.12334 
             -0.00675              -0.33135              -0.08690 
             -0.01276              -0.29663              -0.05773 
             -0.00878              -0.23097              -0.11636 
             -0.00208              -0.15940              -0.21696 
              0.00324              -0.10225              -0.26332 
              0.00708              -0.05862              -0.20645 
              0.00341              -0.02655              -0.06236 
             -0.00384               0.00035               0.04827 
             -0.00455               0.04422               0.04646 
             -0.00686               0.11868               0.05217 
             -0.00892               0.22036               0.15568 
              0.00144               0.34284               0.26072 
              0.00404               0.43234               0.25069 
             -0.00270               0.44340               0.15504 
             -0.00434               0.43413               0.12606 
             -0.00436               0.40466               0.15744 
             -0.00297               0.30795               0.09540 
              0.00265               0.19112              -0.06439 
              0.00940               0.09794              -0.19402 
              0.01139               0.03448              -0.21579 
              0.00949              -0.00889              -0.17539 
              0.00542              -0.04297              -0.16627 
             -0.00103              -0.07350              -0.21253 
             -0.00377              -0.11006              -0.24760 
              0.00062              -0.16737              -0.19041 
              0.00731              -0.24890              -0.04556 
              0.01331              -0.33474               0.08347 
              0.01520              -0.39173               0.12432 
              0.00941              -0.41282               0.12718 
             -0.00281              -0.42152               0.16863 
             -0.01299              -0.39752               0.22065 
             -0.01431              -0.31952               0.19742 
             -0.01260              -0.21413               0.11561 
             -0.00720              -0.10603               0.09003 
             -0.00377              -0.00335               0.12475 
             -0.00577               0.08284               0.07599 
             -0.00547               0.13359              -0.07419 
             -0.00533               0.15423              -0.20829 
             -0.00681               0.17536              -0.24024 
             -0.00270               0.22111              -0.15939 
              0.00459               0.27408              -0.06167 
              0.00473               0.30175              -0.06099 
              0.00191               0.32323              -0.11686 
             -0.00172               0.34969              -0.14039 
             -0.00910               0.37601              -0.09974 
             -0.01107               0.39086              -0.03236 
             -0.00181               0.35685              -0.00603 
              0.01130               0.28114               0.03006 
              0.01788               0.17245               0.12763 
              0.01997               0.03956               0.21848 
              0.01297              -0.08136               0.18413 
             -0.00226              -0.16307               0.05783 
             -0.01029              -0.21690              -0.00093 
             -0.00652              -0.27244               0.07815 
             -0.00182              -0.32472               0.17931 
              0.00554              -0.33313               0.12834 
              0.01378              -0.31146              -0.01893 
              0.00962              -0.29741              -0.10868 
              0.00105              -0.30455              -0.11934 
             -0.00351              -0.31712              -0.11458 
             -0.00669              -0.30320              -0.15292 
             -0.00586              -0.26649              -0.20882 
             -0.00150              -0.23002              -0.20247 
             -0.00006              -0.17989              -0.12579 
             -0.00321              -0.09423              -0.06554 
             -0.00675               0.01833              -0.06896 
             -0.01073               0.13969              -0.05788 
             -0.01103               0.25576               0.03675 
             -0.00482               0.35179               0.18895 
              0.00488               0.38832               0.26726 
              0.01337               0.34188               0.19269 
              0.01263               0.27872               0.11536 
             -0.00107               0.26778               0.16498 
             -0.01526               0.28217               0.22528 
             -0.01904               0.28426               0.14222 
             -0.01529               0.27099              -0.03321 
             -0.00412               0.23873              -0.15602 
              0.01211               0.19064              -0.18190 
              0.02066               0.12377              -0.18325 
              0.01568               0.03254              -0.21353 
              0.00723              -0.06692              -0.23383 
              0.00225              -0.16151              -0.19415 
             -0.00277              -0.25557              -0.09422 
             -0.00645              -0.32641              -0.02023 
             -0.00369              -0.35190              -0.03598 
              0.00048              -0.35665              -0.06104 
              0.00168              -0.36446               0.00568 
             -0.00108              -0.38249               0.19520 
             -0.00278              -0.34718               0.33971 
              0.00083              -0.23517               0.27137 
              0.00883              -0.14894               0.12549 
              0.01595              -0.11435               0.05125 
              0.01736              -0.10334               0.04409 
              0.00740              -0.08748               0.02030 
             -0.00784              -0.03408              -0.03683 
             -0.02042               0.06245              -0.05617 
             -0.02494               0.18109              -0.04391 
             -0.01781               0.28374              -0.07683 
             -0.00389               0.33447              -0.16354 
              0.00877               0.34241              -0.24094 
              0.01553               0.35412              -0.22498 
              0.01646               0.38699              -0.09157 
              0.01119               0.39672               0.03684 
              0.00320               0.34316               0.02757 
             -0.00770               0.25861              -0.05032 
             -0.01426               0.18423              -0.06146 
             -0.01312               0.12319               0.03065 
             -0.01192               0.06117               0.13459 
             -0.00872              -0.00076               0.13359 
             -0.00181              -0.04939               0.09133 
              0.00065              -0.08821               0.11556 
              0.00396              -0.13995               0.16049 
              0.01082              -0.21660               0.14183 
              0.01363              -0.29222               0.05638 
              0.01221              -0.36378              -0.00472 
              0.00593              -0.43236               0.00242 
             -0.00579              -0.45096              -0.00721 
             -0.01429              -0.40280              -0.09114 
             -0.01690              -0.31776              -0.20591 
             -0.01514              -0.23121              -0.25159 
             -0.00396              -0.14924              -0.18797 
              0.01481              -0.06663              -0.09669 
              0.02467               0.00649              -0.07107 
              0.02531               0.05655              -0.09814 
              0.01767               0.07863              -0.11572 
              0.00093               0.09801              -0.04876 
             -0.01782               0.14589               0.08608 
             -0.02590               0.20672               0.17218 
             -0.01748               0.27551               0.21761 
             -0.00069               0.35630               0.26636 
              0.01119               0.40105               0.26697 
              0.01144               0.39030               0.18877 
              0.00606               0.33125               0.03902 
              0.00428               0.28164              -0.05551 
              0.00358               0.24871              -0.05382 
              0.00337               0.20053              -0.02862 
              0.00400               0.11839              -0.06041 
              0.00013               0.01242              -0.16476 
             -0.00691              -0.08685              -0.26204 
             -0.01561              -0.16516              -0.28387 
             -0.02307              -0.22827              -0.23585 
             -0.02016              -0.27077              -0.14850 
             -0.00603              -0.28281              -0.04871 
              0.00968              -0.28065               0.04608 
              0.02533              -0.28997               0.13117 
              0.03017              -0.30955               0.15789 
              0.01488              -0.33330               0.11225 
             -0.00923              -0.34735               0.08307 
             -0.02526              -0.34025               0.13253 
             -0.03072              -0.29255               0.22699 
             -0.02152              -0.18071               0.23287 
              0.00002              -0.05074               0.09133 
              0.01527               0.05114              -0.06291 
              0.01575               0.12572              -0.11069 
              0.01267               0.19455              -0.08658 
              0.00986               0.26714              -0.05528 
              0.00627               0.31715              -0.08270 
              0.00417               0.32651              -0.15364 
              0.00631               0.33359              -0.16729 
              0.00729               0.32339              -0.14606 
              0.00046               0.29381              -0.12383 
             -0.00957               0.27448              -0.08154 
             -0.01415               0.26325              -0.03190 
             -0.01021               0.26155               0.02528 
              0.00105               0.26445               0.07101 
              0.01752               0.22454               0.04807 
              0.02875               0.14329               0.02003 
              0.02475               0.02563               0.06429 
              0.00369              -0.13163               0.16788 
             -0.02402              -0.27911               0.23451 
             -0.03804              -0.35067               0.17784 
             -0.03215              -0.35786               0.06972 
             -0.01614              -0.34590               0.00471 
              0.00427              -0.33554              -0.01410 
              0.01797              -0.32283              -0.02940 
              0.01726              -0.30050              -0.06657 
              0.01091              -0.27698              -0.09727 
              0.00491              -0.25298              -0.11906 
             -0.00449              -0.21710              -0.16652 
             -0.01154              -0.16558              -0.22230 
             -0.01028              -0.10563              -0.24489 
             -0.00765              -0.04768              -0.20412 
             -0.01106               0.01275              -0.06960 
             -0.01380               0.08789               0.09227 
             -0.00811               0.16728               0.14631 
              0.00071               0.24267               0.11805 
              0.01357               0.31078               0.10162 
              0.03098               0.37411               0.13716 
              0.03613               0.44050               0.23093 
              0.02432               0.43011               0.24366 
              0.00254               0.35096               0.17085 
             -0.01729               0.26295               0.10495 
             -0.02766               0.16898               0.02273 
             -0.02506               0.10069              -0.09000 
             -0.01037               0.06939              -0.20440 
              0.00607               0.05196              -0.25126 
              0.01717               0.02360              -0.20652 
              0.02177              -0.02966              -0.13558 
              0.01709              -0.10566              -0.11059 
              0.00484              -0.18370              -0.15077 
             -0.00732              -0.25500              -0.18561 
             -0.01310              -0.32810              -0.11457 
             -0.01390              -0.39771               0.04662 
             -0.01620              -0.43664               0.17722 
             -0.01684              -0.41903               0.20685 
             -0.01089              -0.35100               0.15806 
             -0.00853              -0.29376               0.14298 
             -0.00331              -0.22089               0.15518 
              0.01522              -0.11361               0.12947 
              0.02414              -0.01309               0.07930 
              0.01875               0.06559               0.04469 
              0.01154               0.11421               0.01599 
             -0.00225               0.13361              -0.04797 
             -0.01858               0.14140              -0.14023 
             -0.02282               0.16330              -0.18613 
             -0.01509               0.22566              -0.14230 
              0.00042               0.31614              -0.07005 
              0.01490               0.38374              -0.04756 
              0.02279               0.39892              -0.09288 
              0.02344               0.37739              -0.15792 
              0.01844               0.35064              -0.14253 
              0.00893               0.31194              -0.03378 
             -0.00203               0.23111               0.05293 
             -0.01197               0.12968               0.08454 
             -0.01383               0.02855               0.10155 
             -0.00775              -0.05299               0.11778 
             -0.00459              -0.10875               0.12295 
             -0.00369              -0.14880               0.08734 
             -0.00124              -0.19108               0.04951 
              0.00246              -0.24707               0.08666 
              0.00559              -0.30656               0.15516 
              0.00911              -0.34618               0.14318 
              0.00742              -0.34701               0.02165 
             -0.00147              -0.32717              -0.11457 
             -0.01220              -0.31005              -0.18320 
             -0.02158              -0.29956              -0.17705 
             -0.02413              -0.28412              -0.13638 
             -0.01915              -0.23789              -0.12839 
             -0.00907              -0.15732              -0.14744 
              0.00707              -0.06095              -0.13110 
              0.02191               0.04548              -0.09730 
              0.02316               0.14978              -0.08247 
              0.01185               0.22992              -0.04186 
             -0.00117               0.27882               0.05562 
             -0.01111               0.30247               0.18439 
             -0.01529               0.30474               0.26820 
             -0.00761               0.27281               0.23488 
              0.00422               0.25958               0.14869 
              0.00924               0.29097               0.10435 
              0.01150               0.32666               0.10240 
              0.01100               0.33263               0.08642 
              0.00918               0.28316              -0.00072 
              0.00944               0.19386              -0.11319 
              0.01014               0.09777              -0.17782 
              0.00790               0.00594              -0.20169 
              0.00351              -0.07774              -0.20718 
             -0.00268              -0.15461              -0.18926 
             -0.01314              -0.22426              -0.14822 
             -0.01999              -0.28674              -0.08907 
             -0.01448              -0.33967              -0.02908 
             -0.00520              -0.36197              -0.01062 
              0.00520              -0.34883              -0.01381 
              0.01355              -0.32705               0.04247 
              0.00997              -0.30566               0.16976 
             -0.00203              -0.28089               0.27544 
             -0.01949              -0.23689               0.23606 
             -0.02790              -0.19215               0.09998 
             -0.02038              -0.15429               0.00499 
             -0.01161              -0.09909              -0.00108 
             -0.00047              -0.01438               0.03096 
              0.01233               0.09732               0.01857 
              0.01333               0.21167              -0.02739 
              0.00777               0.29452              -0.06351 
              0.00677               0.33298              -0.11215 
              0.00683               0.34255              -0.16539 
              0.00536               0.33752              -0.18943 
              0.00662               0.33108              -0.15876 
              0.00851               0.32996              -0.06909 
              0.00437               0.31365               0.01825 
              0.00126               0.26526               0.01828 
             -0.00066               0.21214              -0.03998 
             -0.00234               0.16389              -0.06859 
              0.00640               0.11920              -0.01409 
              0.01921               0.07139               0.08610 
              0.01975               0.00293               0.14513 
              0.01181              -0.07859               0.15121 
             -0.00128              -0.15918               0.14310 
             -0.01824              -0.23837               0.12738 
             -0.02668              -0.31021               0.09280 
             -0.02125              -0.35965               0.04183 
             -0.00890              -0.39657               0.00036 
             -0.00026              -0.41536              -0.01845 
              0.00297              -0.40099              -0.03384 
              0.00378              -0.33648              -0.09616 
              0.00225              -0.23615              -0.19406 
             -0.00129              -0.14228              -0.24732 
             -0.00543              -0.06997              -0.22851 
             -0.00625              -0.01356              -0.17880 
             -0.00626               0.02471              -0.14801 
             -0.00771               0.04789              -0.14171 
             -0.00595               0.07415              -0.13481 
             -0.00373               0.12641              -0.10760 
             -0.00372               0.20755              -0.05310 
              0.00195               0.29114               0.00374 
              0.01327               0.35960               0.04614 
              0.02060               0.40192               0.07662 
              0.02063               0.40047               0.07494 
              0.01557               0.35865               0.02125 
              0.00644               0.29282              -0.07667 
             -0.00328               0.21928              -0.18397 
             -0.00979               0.15657              -0.25676 
             -0.01202               0.10489              -0.29754 
             -0.01108               0.05065              -0.34162 
             -0.00743              -0.00292              -0.39083 
             -0.00048              -0.04905              -0.39831 
              0.00880              -0.10341              -0.26769 
              0.01687              -0.18151               0.08318 
              0.01768              -0.24409               0.44485 
              0.00927              -0.22619               0.40091 
             -0.00195              -0.18050               0.13296 
             -0.01325              -0.18978               0.08259 
             -0.02015              -0.28175               0.28091 
             -0.02334              -0.41825               0.52373 
             -0.01846              -0.50045               0.70783 
             -0.00044              -0.38426               0.88259 
              0.01987              -0.03459               0.89994 
              0.02338               0.25011               0.49274 
              0.01011               0.32419               0.00338 
             -0.00093               0.40628              -0.05324 
             -0.01147               0.67230               0.45258 
             -0.02672               0.97572               0.97159 
             -0.02217               0.75069               0.44345 
             -0.00704               0.48222              -0.21721 
             -0.00091               0.46885              -0.36808 
              0.00278               0.63632              -0.18186 
              0.00482               0.83738               0.08363 
              0.00271               0.83465               0.08761 
              0.00104               0.76221               0.00700 
              0.00195               0.80532               0.07316 
              0.00652               0.80780               0.03749 
              0.01124               0.58176              -0.28838 
              0.01527               0.33130              -0.50664 
              0.01715               0.11849              -0.35038 
              0.00558              -0.18400               0.23900 
             -0.01557              -0.40044               0.56372 
             -0.03016              -0.17140               0.03438 
             -0.02245               0.11697              -0.42269 
             -0.01140               0.38456              -0.40530 
             -0.00614               0.74790               0.00573 
              0.00004               1.03673               0.44119 
              0.01672               0.70712               0.19026 
              0.03498               0.09036              -0.17851 
              0.02880              -0.44788              -0.14826 
              0.01201              -0.76853               0.02696 
              0.00622              -0.68935              -0.14522 
              0.00167              -0.48245              -0.45447 
             -0.00474              -0.35335              -0.62846 
             -0.00817              -0.31646              -0.60123 
             -0.00799              -0.30798              -0.33480 
             -0.01177              -0.18872               0.00872 
             -0.01324               0.03291               0.03862 
             -0.00243               0.13688              -0.15267 
              0.00110               0.08646              -0.10381 
             -0.01618              -0.13286               0.25390 
             -0.02692              -0.35391               0.33076 
             -0.01607              -0.30594              -0.14354 
             -0.01072              -0.18635              -0.53454 
             -0.00816              -0.09554              -0.63605 
              0.00167               0.03439              -0.47075 
              0.02205               0.35196               0.21543 
              0.03230               0.78111               1.11794 
              0.01524               0.45779               0.39638 
              0.00723               0.11767              -0.51305 
              0.00257               0.01987              -0.55058 
             -0.00566               0.01486               0.25082 
             -0.00128               0.13230               1.04266 
             -0.00563               0.17097               0.42142 
             -0.01069               0.12684              -0.19850 
             -0.00717               0.03368              -0.24213 
              0.00075              -0.37886               0.35650 
              0.01658              -1.25389               1.21472 
              0.01269              -0.78770               0.06451 
              0.00548              -0.29121              -0.76492 
              0.00398              -0.28731              -0.75817 
              0.00235              -0.96189               0.26439 
              0.00037              -2.07604               1.91513 
             -0.00044              -0.76166              -0.03960 
             -0.00252              -0.34291              -0.68618 
             -0.01068              -0.59363              -0.24678 
             -0.02611              -1.23252               0.93502 
             -0.02395              -0.73260               0.29695 
             -0.01279              -0.31976              -0.49877 
             -0.01008              -0.48680              -0.31536 
              0.00139              -1.02825               0.45121 
              0.00802              -1.24508               0.74486 
              0.01016              -0.64723              -0.12295 
              0.01564              -0.33463              -0.55327 
              0.02366              -0.33217              -0.34280 
              0.02545              -0.45445               0.37519 
              0.02652              -0.41834               0.87757 
              0.00875              -0.18903               0.43709 
             -0.00971              -0.26253               0.14429 
             -0.01170              -0.56335               0.24775 
             -0.00893              -0.56186              -0.06787 
             -0.00525              -0.44281              -0.42088 
             -0.00783              -0.53849              -0.22674 
             -0.01503              -0.96623               0.75761 
             -0.02183              -0.89356               0.90718 
             -0.01752              -0.33505              -0.16606 
             -0.00377              -0.11533              -0.73330 
              0.00228              -0.07079              -0.84184 
              0.01352              -0.08891              -0.72457 
              0.04202              -0.15539              -0.37272 
              0.05307              -0.25280               0.10361 
              0.06146              -0.35734               0.30690 
              0.03907              -0.29185              -0.07882 
              0.00510              -0.18487              -0.43641 
              0.00498              -0.19074              -0.41725 
              0.00107              -0.20801              -0.29165 
             -0.01887              -0.15827              -0.23770 
             -0.00659              -0.10537              -0.08317 
              0.01921              -0.00616               0.20725 
              0.01635               0.16190               0.40412 
              0.03507               0.20742               0.14920 
              0.03612               0.18424              -0.19378 
              0.04310               0.21105              -0.23979 
              0.06691               0.27272              -0.13054 
              0.07881               0.35437               0.09171 
              0.05657               0.40403               0.29606 
              0.02868               0.33987               0.11390 
              0.00999               0.28456              -0.18258 
             -0.03208               0.30348              -0.27406 
             -0.06537               0.33751              -0.25920 
             -0.04851               0.31600              -0.33363 
             -0.02680               0.22916              -0.47725 
             -0.03111               0.11739              -0.61103 
             -0.03788               0.03050              -0.69848 
             -0.03248              -0.00597              -0.71722 
             -0.02570              -0.00571              -0.64115 
             -0.01916               0.00397              -0.47214 
             -0.01112               0.03386              -0.33771 
             -0.01330               0.10624              -0.29151 
             -0.01647               0.15700              -0.35268 
             -0.01440               0.14790              -0.45260 
             -0.02357               0.12254              -0.40502 
             -0.05910               0.07466              -0.18249 
             -0.07937              -0.00887               0.05211 
             -0.06510              -0.03207               0.25507 
             -0.03827               0.08561               0.26898 
             -0.02011               0.31871               0.13974 
             -0.00754               0.50650               0.09496 
             -0.00416               0.56934               0.11443 
              0.02818               0.54517               0.37798 
              0.15581               0.27365               0.72028 
              0.31378              -0.08596               0.71638 
              0.22384              -0.19376               0.19927 
              0.09614              -0.10003              -0.35619 
              0.03393               0.04287              -0.59047 
             -0.01686               0.38124              -0.23167 
             -0.14536               1.16888               1.00494 
             -0.21252               1.10045               1.08342 
             -0.13302               0.34804               0.27041 
             -0.08553              -0.32370               0.49350 
             -0.08799              -0.93152               1.34369 
             -0.12830              -0.61418               0.82507 
             -0.09545              -0.33265               0.64276 
             -0.09127              -0.44783               2.05724 
              0.12351              -0.70944               1.86634 
              0.10200              -0.32694               0.08130 
              0.02316              -0.20918              -0.27991 
             -0.09307              -0.13798               0.12977 
             -0.20958               0.00061               0.41779 
             -0.13798              -0.01552               0.04543 
             -0.03513              -0.04922              -0.38982 
              0.03921              -0.10959              -0.46232 
              0.15043              -0.26576              -0.17936 
              0.24416              -0.41378               0.06342 
              0.18528              -0.33400              -0.16084 
              0.07467              -0.20679              -0.48163 
              0.03270              -0.17076              -0.56648 
              0.02257              -0.22859              -0.29381 
             -0.03951              -0.36552               0.32958 
             -0.09257              -0.35214               0.54384 
             -0.04229              -0.18351               0.13700 
             -0.06625              -0.07379              -0.14797 
             -0.11505              -0.00474              -0.14971 
             -0.14828               0.03995              -0.10027 
             -0.16988               0.01533              -0.22871 
             -0.15603              -0.03734              -0.43266 
             -0.12244              -0.09580              -0.51892 
             -0.09238              -0.18573              -0.48648 
             -0.05704              -0.28245              -0.45119 
             -0.01401              -0.31831              -0.50852 
              0.02404              -0.27366              -0.64871 
              0.04182              -0.20496              -0.77670 
              0.04535              -0.16248              -0.83962 
              0.04831              -0.15466              -0.84949 
              0.06150              -0.17847              -0.81659 
              0.09434              -0.24812              -0.69189 
              0.14860              -0.38452              -0.39715 
              0.16826              -0.52888              -0.08307 
              0.10782              -0.52003              -0.10492 
              0.02325              -0.38562              -0.31713 
             -0.09146              -0.30839              -0.30232 
             -0.16261              -0.34773              -0.03323 
             -0.15546              -0.50466               0.32034 
             -0.09591              -0.52692               0.25045 
             -0.00881              -0.45852               0.02737 
              0.09389              -0.45246               0.08166 
              0.08033              -0.47595               0.15851 
             -0.00625              -0.52041               0.27304 
             -0.07390              -0.42253               0.19754 
             -0.07682              -0.40353               0.06306 
             -0.02689              -0.48539               0.10060 
              0.12581              -0.54101               0.23574 
              0.26750              -0.56234               0.13396 
              0.26703              -0.56987               0.05045 
              0.25570              -0.95676               0.65149 
              0.09189              -1.65558               1.49614 
             -0.04679              -1.19944               0.75565 
             -0.10127              -0.90547               0.35991 
             -0.15133              -1.14691               0.93664 
             -0.18368              -1.04854               1.03293 
             -0.12925              -0.76952               0.45710 
             -0.21314              -0.66428               0.51171 
             -0.20606              -0.63439               0.86676 
             -0.09969              -0.33600               0.29599 
              0.02728              -0.14486              -0.23282 
              0.20028              -0.11394              -0.33627 
              0.34179              -0.15654              -0.10712 
              0.41916              -0.22303               0.26691 
              0.43357              -0.18181               0.36664 
              0.21263              -0.01500               0.04128 
              0.02176               0.18507              -0.12503 
             -0.02659               0.29080              -0.13777 
             -0.05896               0.41642              -0.10696 
             -0.07992               0.42294              -0.16486 
             -0.00527               0.36158              -0.29334 
              0.04014               0.33024              -0.34019 
              0.00158               0.26813              -0.35388 
              0.04223               0.21715              -0.41370 
              0.09308               0.19520              -0.44903 
              0.06986               0.14918              -0.51792 
              0.01395               0.07813              -0.60287 
             -0.01976               0.06933              -0.63994 
             -0.00668               0.11799              -0.64574 
              0.03279               0.17482              -0.57728 
              0.08005               0.24903              -0.40637 
              0.14176               0.32846              -0.23902 
              0.23451               0.27021              -0.21413 
              0.32672               0.11261              -0.29265 
              0.35133               0.02364              -0.39286 
              0.30854              -0.05171              -0.43065 
              0.22320              -0.15272              -0.31957 
              0.11391              -0.18965              -0.17580 
             -0.04515              -0.14313              -0.12363 
             -0.23806              -0.06377               0.04412 
             -0.40218               0.01738               0.38235 
             -0.38685              -0.01693               0.45932 
             -0.13137              -0.10257               0.03486 
              0.05913              -0.18445              -0.31533 
              0.11711              -0.26319              -0.34888 
              0.10118              -0.30378              -0.26413 
