             -0.00918              -0.09449              -0.19995 
             -0.01730              -0.18135              -0.15051 
             -0.02077              -0.24395              -0.12275 
             -0.02032              -0.26942              -0.07556 
             -0.01632              -0.26697              -0.02156 
             -0.01469              -0.25104               0.04473 
             -0.01216              -0.22040               0.15236 
             -0.00698              -0.19882               0.25779 
             -0.01213              -0.20171               0.28226 
             -0.02107              -0.20357               0.21485 
             -0.02167              -0.20272               0.11416 
             -0.01729              -0.19023               0.02652 
             -0.01203              -0.15407              -0.03255 
             -0.00374              -0.08555              -0.04953 
              0.00744               0.01369              -0.05673 
              0.01663               0.11660              -0.08845 
              0.01732               0.20388              -0.15034 
              0.01428               0.25706              -0.24162 
              0.01358               0.27674              -0.30772 
              0.01501               0.29446              -0.27498 
              0.01570               0.30706              -0.16843 
              0.01676               0.28500              -0.05988 
              0.01731               0.23189               0.00783 
              0.01862               0.17528               0.01926 
              0.02136               0.14315               0.03441 
              0.01861               0.13498               0.06529 
              0.01206               0.13758               0.07923 
              0.00964               0.13410               0.11946 
              0.00673               0.09824               0.18055 
             -0.00804               0.01787               0.21287 
             -0.01772              -0.08627               0.17432 
             -0.01378              -0.18332               0.04751 
             -0.01778              -0.26092              -0.05592 
             -0.02711              -0.31923              -0.06999 
             -0.02214              -0.35389              -0.06969 
             -0.01614              -0.35525              -0.10674 
             -0.02111              -0.30681              -0.17989 
             -0.02062              -0.24189              -0.22879 
             -0.01607              -0.18400              -0.22402 
             -0.01661              -0.12817              -0.20173 
             -0.01651              -0.08027              -0.17983 
             -0.01217              -0.05326              -0.14870 
             -0.00810              -0.04994              -0.08604 
              0.00166              -0.05426               0.01437 
              0.01379              -0.03357               0.08488 
              0.02007               0.02692               0.09161 
              0.02498               0.12093               0.11527 
              0.02726               0.24676               0.20028 
              0.02295               0.36914               0.29150 
              0.01837               0.40107               0.24644 
              0.01589               0.35832               0.09303 
              0.01398               0.30007              -0.01186 
              0.01385               0.23810              -0.04675 
              0.01545               0.17272              -0.07424 
              0.01344               0.10813              -0.13005 
              0.01063               0.05357              -0.19548 
              0.00910               0.01239              -0.23655 
              0.00288              -0.02119              -0.25669 
             -0.00397              -0.04269              -0.27107 
             -0.00850              -0.05702              -0.26052 
             -0.01608              -0.08717              -0.19502 
             -0.02555              -0.13888              -0.06792 
             -0.03185              -0.20626               0.09308 
             -0.03552              -0.27821               0.18489 
             -0.03104              -0.32409               0.15289 
             -0.01814              -0.33561               0.10184 
             -0.00956              -0.33403               0.12676 
             -0.00663              -0.31333               0.21117 
             -0.00694              -0.23630               0.24062 
             -0.00838              -0.11360               0.16244 
             -0.00922              -0.00498               0.05538 
             -0.00780               0.06955              -0.05468 
             -0.00006               0.10690              -0.15190 
              0.00941               0.11879              -0.21153 
              0.01502               0.12687              -0.24073 
              0.02149               0.14589              -0.21783 
              0.03158               0.17905              -0.15117 
              0.03412               0.21373              -0.12448 
              0.02775               0.23904              -0.16897 
              0.02381               0.26100              -0.20941 
              0.02458               0.29190              -0.15838 
              0.02094               0.32229              -0.01141 
              0.01032               0.31744               0.12626 
              0.00396               0.26533               0.15994 
              0.00190               0.16825               0.11939 
             -0.00388               0.05524               0.12053 
             -0.00269              -0.04914               0.17061 
             -0.00032              -0.14036               0.16182 
             -0.00504              -0.20006               0.08997 
             -0.01445              -0.22489               0.04786 
             -0.02652              -0.23216               0.04655 
             -0.03300              -0.22248               0.01211 
             -0.03100              -0.20146              -0.09007 
             -0.03090              -0.19508              -0.19882 
             -0.02921              -0.22714              -0.22735 
             -0.01956              -0.28084              -0.18162 
             -0.01194              -0.30584              -0.15659 
             -0.01195              -0.28526              -0.18787 
             -0.00836              -0.23335              -0.23224 
              0.00040              -0.16131              -0.21311 
              0.00757              -0.06913              -0.08478 
              0.00935               0.04211               0.04904 
              0.01057               0.14112               0.08404 
              0.01452               0.20844               0.10631 
              0.01489               0.25872               0.17209 
              0.01610               0.28004               0.21373 
              0.02570               0.26709               0.18522 
              0.03333               0.24560               0.12063 
              0.03272               0.22440               0.10399 
              0.02982               0.21548               0.14048 
              0.02558               0.21969               0.10160 
              0.01422               0.20305              -0.07600 
              0.00033               0.17235              -0.25280 
             -0.00575               0.15031              -0.31375 
             -0.00762               0.12281              -0.27434 
             -0.01271               0.06791              -0.20021 
             -0.01610              -0.01954              -0.15969 
             -0.01401              -0.11876              -0.16499 
             -0.01437              -0.20203              -0.16087 
             -0.01639              -0.26495              -0.11210 
             -0.01616              -0.30762              -0.04148 
             -0.02089              -0.31253               0.02755 
             -0.02969              -0.29105               0.12277 
             -0.03306              -0.25883               0.23978 
             -0.02665              -0.21183               0.30795 
             -0.01900              -0.16748               0.25412 
             -0.00881              -0.13800               0.10450 
              0.00157              -0.12819               0.00525 
              0.00933              -0.11688              -0.00276 
              0.01213              -0.08276               0.01054 
              0.01328              -0.02338              -0.02914 
              0.01597               0.05401              -0.12160 
              0.01787               0.13202              -0.20985 
              0.01624               0.19670              -0.26287 
              0.01479               0.25239              -0.27590 
              0.01588               0.29520              -0.27142 
              0.01854               0.31171              -0.26522 
              0.01891               0.31567              -0.23074 
              0.01843               0.31122              -0.18199 
              0.02385               0.27099              -0.17191 
              0.02567               0.20115              -0.18424 
              0.01617               0.12069              -0.22502 
              0.00568               0.05275              -0.27757 
             -0.00452               0.01882              -0.26851 
             -0.01668               0.01950              -0.15114 
             -0.01983               0.04903               0.14560 
             -0.01510               0.06872               0.60211 
             -0.00652              -0.04864               0.76461 
              0.00536              -0.23899               0.44436 
              0.00723              -0.36012               0.15445 
             -0.00273              -0.48055               0.15308 
             -0.01211              -0.63594               0.37293 
             -0.01913              -0.77182               0.63593 
             -0.03350              -1.01327               1.09065 
             -0.04150              -1.09837               1.30729 
             -0.03660              -0.61226               0.51362 
             -0.03185              -0.29547               0.00253 
             -0.02826              -0.26064               0.32748 
             -0.03175              -0.42884               1.22714 
             -0.03152              -0.36229               1.28959 
             -0.04510              -0.02189               0.65705 
             -0.08239               0.38481               0.59561 
             -0.09665               0.77647               0.68999 
             -0.06295               0.73552               0.18827 
             -0.02849               0.60342              -0.21747 
             -0.01316               0.76421               0.00233 
             -0.00448               1.03024               0.42174 
              0.00128               0.77185               0.01363 
              0.00467               0.42465              -0.54919 
              0.00625               0.32530              -0.70538 
              0.00652               0.44104              -0.52672 
              0.00478               0.67536              -0.15914 
              0.00450               0.67438              -0.16036 
              0.00516               0.38828              -0.59685 
              0.00416               0.17857              -0.89118 
              0.00389               0.10137              -0.98815 
              0.00699               0.10300              -0.99473 
              0.02132               0.17041              -0.75623 
              0.05879               0.24125               0.08611 
              0.06936               0.06251               0.69464 
              0.02015              -0.13503              -0.00996 
             -0.00755              -0.12676              -0.65232 
             -0.01474              -0.08346              -0.76632 
             -0.01953               0.01094              -0.54834 
             -0.01909               0.30030              -0.02330 
             -0.00408               0.66023               0.36294 
              0.01640               0.60438               0.04820 
              0.02642               0.36488              -0.36691 
              0.02962               0.16159              -0.49979 
              0.02699              -0.06466              -0.39541 
              0.01162              -0.34570              -0.15797 
              0.00575              -0.57863              -0.02465 
              0.01926              -0.73481               0.04718 
              0.02611              -0.98431               0.43635 
              0.02117              -0.99698               0.52827 
              0.01150              -0.60752              -0.11251 
             -0.00024              -0.40659              -0.51318 
             -0.01071              -0.37743              -0.58664 
             -0.02298              -0.46315              -0.39664 
             -0.04135              -0.54068              -0.13161 
             -0.05036              -0.35966              -0.24924 
             -0.04399              -0.09910              -0.53626 
             -0.04416               0.07719              -0.63842 
             -0.05360               0.29264              -0.39491 
             -0.04049               0.71873               0.38384 
              0.01709               1.03351               1.09726 
              0.07581               0.58860               0.61492 
              0.09842               0.21396               0.07347 
              0.10433               0.49970               0.80449 
             -0.03921               1.69966               2.70465 
             -0.09647               0.81065               1.17223 
             -0.04131              -0.01099               0.10519 
              0.04804              -0.70672               0.54266 
              0.09839              -1.36282               1.18121 
              0.05969              -0.89163               0.27826 
              0.02667              -0.57266              -0.25206 
              0.02811              -0.69203               0.13052 
              0.03006              -0.85493               0.69425 
              0.01088              -0.56343               0.22248 
              0.00619              -0.34515              -0.39947 
              0.01062              -0.33821              -0.55634 
              0.01297              -0.58596              -0.17719 
              0.00259              -1.09725               0.59063 
             -0.00426              -1.04278               0.42107 
             -0.01053              -0.72160              -0.15671 
             -0.02096              -0.57651              -0.38788 
             -0.05941              -0.65377              -0.18250 
             -0.11916              -0.59851               0.16213 
             -0.09769              -0.09075               0.31779 
             -0.01311               0.30817               0.38559 
              0.05446               0.29704               0.13898 
              0.08958               0.13292              -0.22695 
              0.08396              -0.02017              -0.48409 
              0.05487              -0.13033              -0.58192 
              0.02046              -0.22063              -0.37897 
             -0.05610              -0.22822               0.14733 
             -0.12584              -0.05003               0.34393 
             -0.11106               0.10288              -0.02418 
             -0.04062               0.11253              -0.48323 
             -0.00192               0.07206              -0.75638 
              0.00778               0.03576              -0.80241 
              0.01141               0.00209              -0.63515 
              0.02905              -0.02881              -0.18993 
              0.05552              -0.00329               0.36153 
              0.01257               0.11107               0.40214 
             -0.01884               0.22064               0.04623 
             -0.01613               0.23255              -0.21258 
             -0.02316               0.16203              -0.38796 
             -0.03250               0.10872              -0.41309 
             -0.02731               0.06848              -0.24549 
             -0.01433               0.01099              -0.06372 
              0.01536               0.00544               0.07438 
              0.09365               0.09827               0.18549 
              0.18041               0.18634               0.09138 
              0.19495               0.14884              -0.17448 
              0.13078               0.05699              -0.43891 
              0.05407              -0.00294              -0.56280 
             -0.01759              -0.01634              -0.47469 
             -0.10204               0.01302              -0.23042 
             -0.19660               0.08996              -0.01899 
             -0.24004               0.19511               0.04139 
             -0.13935               0.20608              -0.18961 
              0.00077               0.10976              -0.40730 
              0.11019              -0.05973              -0.33299 
              0.18024              -0.28332              -0.11427 
              0.18619              -0.45130              -0.07505 
              0.12938              -0.43529              -0.30351 
              0.05031              -0.29722              -0.56890 
             -0.02329              -0.16783              -0.56932 
             -0.10776               0.05752              -0.09829 
             -0.18119               0.41824               0.71893 
             -0.11053               0.45352               0.66888 
              0.00922               0.15703              -0.09088 
              0.05863               0.00599              -0.44379 
              0.08052              -0.02852              -0.34109 
              0.05794               0.06139               0.06142 
             -0.02570               0.33567               0.41947 
             -0.10377               0.54107               0.39174 
             -0.15308               0.56179               0.22821 
             -0.17404               0.56733               0.26415 
             -0.12106               0.57946               0.35149 
             -0.04910               0.51633               0.16169 
              0.01849               0.52007              -0.07556 
              0.08426               0.51742              -0.16494 
              0.18394               0.64433               0.06481 
              0.22916               0.76794               0.25597 
              0.19882               0.84432               0.35882 
              0.14296               0.82582               0.49343 
              0.00619               0.64602               0.41708 
             -0.15983               0.58779               0.50936 
             -0.28728               0.42472               0.43139 
             -0.19821               0.23813               0.17653 
             -0.12025               0.03419               0.36340 
             -0.00423              -0.43596               1.19401 
              0.06798              -0.66949               1.27628 
             -0.11654              -0.30406               0.47092 
             -0.08124              -0.01898              -0.00346 
             -0.04594               0.07191              -0.05322 
             -0.12297              -0.16160               0.14719 
             -0.00748              -0.47958               0.15707 
              0.09954              -0.46681              -0.17198 
              0.07088              -0.40649              -0.28645 
             -0.00149              -0.27517              -0.10692 
             -0.12304               0.01765               0.35211 
             -0.18867               0.33079               0.07746 
             -0.13617               0.27753              -0.56063 
             -0.08595               0.16341              -0.85615 
             -0.07271               0.15599              -0.83863 
             -0.02319               0.22642              -0.45046 
              0.21054               0.17237               0.33635 
              0.37685              -0.12063               0.53422 
              0.27025              -0.14407              -0.17122 
              0.13132              -0.02620              -0.66014 
              0.03177              -0.00858              -0.56128 
             -0.13313               0.00920               0.03991 
             -0.25759               0.14463               0.54819 
             -0.20499               0.10946               0.21403 
             -0.08191              -0.03522              -0.26964 
              0.08380              -0.04371              -0.35302 
              0.16730              -0.09255              -0.06540 
              0.13576              -0.17640              -0.01828 
              0.10135              -0.18499              -0.32606 
              0.04248              -0.13444              -0.65862 
             -0.00659              -0.12332              -0.77715 
             -0.05385              -0.21970              -0.64058 
             -0.07789              -0.49391              -0.21885 
             -0.03660              -0.66789               0.03528 
              0.00688              -0.52128              -0.22744 
             -0.01639              -0.45310              -0.41195 
             -0.04441              -0.50253              -0.35236 
             -0.01101              -0.64675              -0.11136 
              0.03123              -0.58773              -0.18088 
              0.05859              -0.55170              -0.21388 
              0.03573              -0.60567               0.00758 
             -0.10561              -0.75436               0.46244 
             -0.18931              -0.75933               0.56947 
             -0.07027              -0.50936               0.06374 
             -0.05316              -0.48649              -0.12367 
             -0.05317              -0.77460               0.31918 
              0.00617              -0.95499               0.65091 
              0.00709              -0.88780               0.39688 
              0.02762              -0.78619               0.19041 
              0.06552              -0.90279               0.44402 
              0.03453              -0.90701               0.42062 
              0.08566              -0.83003               0.51005 
              0.21499              -0.80236               0.65465 
              0.24704              -0.69681               0.30729 
              0.26862              -0.78288               0.36150 
              0.21702              -1.00901               0.70726 
              0.07467              -1.23698               0.91997 
             -0.03659              -0.91073               0.39388 
             -0.08618              -0.84165               0.22733 
             -0.08837              -1.19612               0.70709 
             -0.10794              -1.08020               0.51960 
             -0.08029              -0.97709               0.30766 
             -0.04445              -0.66015              -0.17464 
             -0.02967              -0.48633              -0.43500 
             -0.02171              -0.58959              -0.27818 
              0.00067              -0.63002              -0.19763 
              0.00400              -0.62800              -0.11129 
             -0.02438              -0.61692              -0.04344 
             -0.04973              -0.42090              -0.31972 
             -0.02258              -0.33446              -0.44881 
              0.03821              -0.33883              -0.34400 
              0.09991              -0.37057              -0.08175 
              0.15919              -0.34987               0.12405 
              0.16367              -0.21529               0.09061 
              0.11202              -0.14588              -0.17287 
              0.08880              -0.13141              -0.31077 
              0.07647              -0.15521              -0.31785 
              0.07570              -0.19269              -0.19737 
              0.06901              -0.24511              -0.05234 
              0.01810              -0.26218              -0.11245 
             -0.09710              -0.26037              -0.16739 
             -0.14258              -0.20519              -0.31609 
             -0.14524              -0.15821              -0.43659 
             -0.13254              -0.13816              -0.46589 
             -0.08450              -0.13101              -0.53759 
             -0.04501              -0.09781              -0.61959 
             -0.01714              -0.06418              -0.59635 
              0.01692              -0.05846              -0.54504 
              0.03996              -0.07697              -0.52330 
              0.03718              -0.12675              -0.27935 
             -0.05891              -0.13698               0.04532 
             -0.09386              -0.10209              -0.16651 
             -0.03759              -0.09101              -0.49707 
             -0.04676              -0.06511              -0.58423 
             -0.16110              -0.00692              -0.46937 
             -0.24591               0.06497              -0.16358 
             -0.18105               0.13235               0.02953 
             -0.16383               0.17366              -0.07677 
             -0.07709               0.21530              -0.15212 
             -0.01291               0.17921               0.09854 
              0.19745              -0.00601               0.65241 
              0.22124              -0.10006               0.51898 
              0.13427              -0.08824               0.05423 
              0.13883              -0.01241              -0.05075 
              0.14660               0.20294              -0.24810 
              0.10733               0.40049              -0.19538 
              0.15755               0.59612               0.08070 
              0.31070               0.51797               0.29310 
              0.36896               0.27388               0.20558 
              0.36805               0.15686              -0.07728 
              0.27136               0.08150              -0.32197 
              0.12199               0.01252              -0.37063 
              0.01488              -0.03314              -0.49778 
              0.00317              -0.06320              -0.42837 
             -0.05775               0.07950              -0.12907 
             -0.20356               0.04838               0.06408 
             -0.40360              -0.33335               0.44827 
             -1.06662              -0.83854               1.70288 
             -0.94644              -0.81301               1.30846 
             -0.43813              -0.39888              -0.04344 
             -0.37731              -0.26081               0.04108 
             -0.39616              -0.30045               0.85069 
              0.03299              -0.44941               1.09877 
              0.12542              -0.20055               0.69383 
              0.16715              -0.64910               0.66153 
              0.14275              -0.64953               0.43095 
              0.06518              -0.63406               0.09528 
              0.01288              -0.42817              -0.40800 
             -0.00677              -0.26564              -0.69966 
             -0.00567              -0.38603              -0.40642 
              0.12105              -0.77353               0.31077 
              0.36583              -0.85191               0.60615 
              0.41900              -0.61397               0.40157 
              0.80094              -0.33593               0.68707 
              0.65707              -0.10604               0.42251 
              0.60908              -0.15629               0.35878 
              0.41774              -0.22747               0.22642 
             -0.08085              -0.20783               0.47774 
             -0.11639              -0.40640               0.59390 
             -0.27215              -0.43921               0.45322 
             -0.40742              -0.48470               0.20146 
             -0.31310              -0.45665               0.03424 
             -0.17584              -0.32705              -0.34876 
             -0.25503              -0.26886              -0.38594 
             -0.27139              -0.27547              -0.40989 
             -0.24202              -0.21893              -0.50926 
             -0.16744              -0.19794              -0.60297 
             -0.10185              -0.24543              -0.61576 
             -0.11541              -0.24936              -0.59960 
             -0.14943              -0.22912              -0.56021 
             -0.10234              -0.21378              -0.53111 
              0.02846              -0.19421              -0.43562 
              0.09261              -0.24403              -0.28864 
              0.02866              -0.25761              -0.17049 
             -0.00244              -0.31076               0.01517 
              0.06197              -0.27224               0.09296 
              0.04083              -0.04551              -0.04656 
              0.01095               0.05050               0.01108 
              0.11283               0.04600               0.19076 
              0.11318               0.07122               0.17643 
              0.04637               0.02641               0.26100 
              0.06599              -0.35888               0.25973 
              0.14108              -0.25555              -0.18670 
              0.14078              -0.26125              -0.33464 
              0.11085              -0.13970              -0.38783 
             -0.00692              -0.04448              -0.42529 
             -0.06746              -0.11757              -0.26638 
             -0.20081              -0.32273               0.02169 
             -0.19788              -0.09440              -0.00608 
             -0.24372               0.03483              -0.25309 
             -0.16027              -0.02000              -0.59333 
             -0.06136              -0.02476              -0.69870 
             -0.08064              -0.05946              -0.55905 
             -0.09569              -0.22529              -0.20337 
             -0.09767              -0.08267              -0.01650 
              0.00658               0.01838              -0.03074 
             -0.01649               0.02014              -0.26826 
              0.09701               0.01921              -0.20316 
              0.06956               0.02144               0.00149 
              0.01552              -0.08242               0.16064 
              0.08261              -0.06959              -0.02327 
              0.24326               0.00825               0.10413 
              0.35814              -0.07083               0.32275 
              0.28893              -0.10480               0.28805 
              0.23072              -0.27631               0.33828 
             -0.05325              -0.26343               0.36136 
             -0.17851              -0.13483               0.14408 
             -0.09079              -0.15522              -0.24457 
             -0.04737              -0.20697              -0.05404 
             -0.07560              -0.24214               0.34398 
             -0.10105              -0.14197               0.25727 
             -0.29548               0.27607               0.24913 
             -0.29989               0.33504              -0.11051 
             -0.18230               0.35999              -0.28488 
             -0.13483               0.51602              -0.19169 
             -0.15889               0.39340              -0.29519 
             -0.15814               0.30882              -0.26043 
             -0.04950               0.26439              -0.14005 
              0.11726               0.07711              -0.34601 
              0.23890               0.05332              -0.25323 
              0.17249              -0.00301               0.02364 
             -0.05385              -0.13904               0.58063 
             -0.59726              -0.14287               1.04023 
             -0.50995               0.13031               0.17180 
             -0.32924              -0.00790              -0.15141 
             -0.37416               0.01364              -0.11957 
             -0.37432              -0.11739               0.35646 
             -0.58608              -0.27554               0.82821 
             -0.36564              -0.20933               0.43543 
             -0.19589              -0.19177               0.22772 
             -0.22081              -0.31773               0.05871 
             -0.16241              -0.20248              -0.34537 
             -0.11978              -0.19696              -0.21418 
             -0.07966              -0.57273               0.15377 
              0.12721              -0.17537              -0.42297 
              0.33001              -0.16937              -0.28787 
              0.51293              -0.27670               0.10032 
              0.40099              -0.14977              -0.13800 
              0.87314              -0.10254               0.36204 
              0.88061              -0.13938               0.56774 
              0.48471              -0.18778               0.35984 
              0.36935              -0.37942               0.47022 
             -0.15981              -0.09022              -0.21500 
             -0.24605              -0.03734              -0.44576 
             -0.55055              -0.21924               0.27115 
             -0.49432              -0.76061               1.11868 
             -0.34586              -0.82318               1.10941 
             -0.06776              -0.21225              -0.34535 
              0.13932              -0.28734              -0.27655 
              0.22042              -0.20481               0.00048 
              0.04098              -0.00332              -0.01378 
             -0.43109               0.01897               0.26105 
             -0.60039              -0.10187               0.28108 
             -0.11150              -0.01592              -0.65857 
             -0.07661               0.02794              -0.65946 
             -0.15633              -0.02472              -0.29006 
             -0.17673              -0.30710               0.08732 
             -0.11223              -0.29916               0.45659 
             -0.01774               0.01645              -0.07720 
             -0.02537               0.01315              -0.33052 
             -0.13354               0.09101               0.07784 
             -0.26335              -0.23594               0.32663 
             -0.38878              -0.35788               0.30502 
             -0.33812              -0.33414               0.07165 
             -0.28720              -0.26753              -0.22978 
             -0.23803              -0.32019              -0.16599 
             -0.20607              -0.18667              -0.32551 
             -0.17837              -0.14968              -0.29862 
             -0.08096              -0.13364              -0.11210 
              0.04303              -0.09303              -0.04913 
              0.01385              -0.05347              -0.09197 
             -0.02822              -0.02038              -0.17789 
              0.09713              -0.00857              -0.27872 
              0.37944               0.01494              -0.01026 
              0.31846              -0.03242               0.06810 
              0.39120              -0.16406               0.24690 
              0.48463              -0.25101               0.32361 
              0.13450              -0.18828              -0.27244 
             -0.07352              -0.15776              -0.40909 
             -0.17781              -0.19288               0.00418 
             -0.11473              -0.02319               0.60344 
             -0.07539               0.29684               0.36257 
              0.01400               0.27640              -0.41078 
              0.06078               0.19991              -0.72241 
              0.02947               0.24398              -0.68103 
              0.01974               0.35861              -0.47382 
              0.04891               0.34916              -0.39951 
              0.10111               0.35905              -0.26585 
              0.13761               0.45465              -0.07298 
              0.10339               0.19501              -0.26532 
             -0.02288              -0.09070              -0.14300 
             -0.13249              -0.25892               0.36150 
             -0.21703              -0.20206               0.07843 
             -0.12738              -0.33810               0.03872 
             -0.16023              -0.34721              -0.02446 
             -0.43832              -0.47765               0.48200 
             -0.32269              -0.64329               0.75609 
             -0.07340              -0.42979               0.37604 
              0.04785              -0.21945              -0.13018 
              0.14722              -0.18752              -0.34544 
              0.29423              -0.15114              -0.26909 
              0.37520              -0.04314              -0.19942 
              0.26004               0.06355              -0.32523 
              0.33777              -0.01888              -0.11454 
              0.35975               0.10004              -0.05560 
              0.34073               0.37655               0.05001 
              0.30673               0.42981               0.18779 
              0.13332               0.29072              -0.19597 
              0.01185               0.25915              -0.42123 
              0.01240               0.14652              -0.33777 
              0.08891              -0.00863               0.04112 
             -0.02375               0.02505               0.31851 
              0.01656               0.01644               0.34852 
              0.12908               0.10340               0.18627 
              0.03944               0.23378               0.00734 
              0.04336               0.18600              -0.21013 
             -0.15658               0.17429              -0.24371 
             -0.30528               0.08276              -0.11155 
             -0.18146              -0.09130              -0.08334 
             -0.34808               0.18371               0.15772 
             -0.32481              -0.09815               0.30704 
              0.22501               0.08130              -0.05174 
              0.26037               0.18635              -0.23908 
              0.15950               0.15102              -0.05326 
              0.35999               0.03986               0.23863 
              0.28915               0.01884               0.20870 
              0.05459              -0.10664              -0.10493 
