              0.01818              -0.14322              -0.21428 
              0.02687              -0.26145              -0.17896 
              0.02227              -0.33359              -0.14033 
              0.00508              -0.36909              -0.08437 
             -0.01870              -0.36953              -0.00892 
             -0.04020              -0.33043               0.07158 
             -0.05560              -0.27177               0.13479 
             -0.05792              -0.22990               0.18021 
             -0.04622              -0.22777               0.22016 
             -0.02896              -0.26085               0.23097 
             -0.00969              -0.29284               0.18437 
              0.00557              -0.28523               0.07439 
              0.01500              -0.23602              -0.03798 
              0.02686              -0.15526              -0.08250 
              0.03456              -0.03481              -0.05816 
              0.02567               0.12021              -0.01998 
              0.00759               0.25965              -0.04691 
             -0.00519               0.34176              -0.13525 
             -0.01204               0.37353              -0.21404 
             -0.01171               0.38496              -0.23121 
              0.00128               0.39105              -0.17750 
              0.02451               0.37504              -0.08999 
              0.04932               0.32681              -0.00745 
              0.06293               0.26413               0.05187 
              0.05209               0.20831               0.07305 
              0.02432               0.18179               0.05982 
             -0.00558               0.17581               0.01866 
             -0.02614               0.17047              -0.00058 
             -0.03242               0.15135               0.04748 
             -0.02898               0.08598               0.14676 
             -0.01609              -0.04472               0.21277 
             -0.00604              -0.20067               0.16184 
             -0.00734              -0.32425               0.05800 
             -0.01054              -0.40496              -0.01261 
             -0.00986              -0.44757              -0.05109 
             -0.01003              -0.46015              -0.06469 
             -0.01343              -0.43351              -0.08197 
             -0.02206              -0.37089              -0.09828 
             -0.03289              -0.28823              -0.10618 
             -0.04027              -0.19504              -0.13499 
             -0.04008              -0.11245              -0.17928 
             -0.02748              -0.06300              -0.20708 
             -0.00411              -0.04822              -0.17962 
              0.02491              -0.05081              -0.08601 
              0.05117              -0.04953               0.01520 
              0.06337              -0.01285               0.06415 
              0.05021               0.07694               0.08134 
              0.01907               0.20896               0.13220 
             -0.00760               0.37067               0.23781 
             -0.01826               0.49312               0.28248 
             -0.00806               0.50948               0.19403 
              0.01288               0.47338               0.09349 
              0.02690               0.41264               0.04518 
              0.03214               0.32149               0.01406 
              0.03113               0.20875              -0.04456 
              0.02326               0.09699              -0.12581 
              0.01015               0.00800              -0.18680 
             -0.00155              -0.05047              -0.20763 
             -0.00950              -0.07953              -0.22251 
             -0.01929              -0.08887              -0.25100 
             -0.03277              -0.09700              -0.24950 
             -0.04592              -0.12261              -0.17476 
             -0.05650              -0.18640              -0.01905 
             -0.05271              -0.28811               0.14194 
             -0.02343              -0.38132               0.19152 
              0.00974              -0.43306               0.14709 
              0.02477              -0.45086               0.11091 
              0.02403              -0.44363               0.13753 
              0.00556              -0.38690               0.18035 
             -0.02716              -0.26475               0.17662 
             -0.04565              -0.11183               0.14719 
             -0.03668               0.03094               0.09177 
             -0.01273               0.12615              -0.01063 
              0.01615               0.16402              -0.14064 
              0.03639               0.17260              -0.23738 
              0.04687               0.18664              -0.24086 
              0.05238               0.21411              -0.15844 
              0.04624               0.24158              -0.06824 
              0.03268               0.26672              -0.05193 
              0.02498               0.29003              -0.10982 
              0.01585               0.31901              -0.14032 
             -0.00004               0.36215              -0.08820 
             -0.01206               0.40240              -0.01407 
             -0.01510               0.40785               0.03656 
             -0.01594               0.35818               0.07985 
             -0.00613               0.24604               0.12528 
              0.01706               0.08145               0.17467 
              0.03317              -0.10132               0.16682 
              0.03011              -0.23151               0.07898 
              0.00632              -0.29605               0.01421 
             -0.03397              -0.32786               0.04202 
             -0.07181              -0.32297               0.09530 
             -0.08526              -0.28958               0.07567 
             -0.06822              -0.25293              -0.03228 
             -0.03734              -0.24615              -0.11640 
             -0.00554              -0.27591              -0.13012 
              0.01907              -0.31447              -0.12288 
              0.02930              -0.33108              -0.13790 
              0.02754              -0.31602              -0.17747 
              0.01658              -0.27584              -0.20243 
              0.00178              -0.21668              -0.17215 
             -0.00599              -0.13124              -0.09240 
             -0.00514              -0.01234              -0.00667 
             -0.00359               0.13366               0.05024 
              0.00213               0.27580               0.10327 
              0.01355               0.37697               0.15938 
              0.02804               0.41263               0.17044 
              0.04302               0.38275               0.13681 
              0.05747               0.31946               0.12962 
              0.06533               0.26607               0.17632 
              0.04953               0.23651               0.20157 
              0.01505               0.23681               0.12999 
             -0.01881               0.24236              -0.03915 
             -0.03897               0.23354              -0.19045 
             -0.04460               0.21139              -0.25289 
             -0.03843               0.17288              -0.25199 
             -0.02159               0.10341              -0.21313 
             -0.00112              -0.00761              -0.16150 
              0.01190              -0.13198              -0.12336 
              0.00914              -0.24219              -0.08697 
             -0.00688              -0.32843              -0.06497 
             -0.02625              -0.37459              -0.06625 
             -0.04683              -0.40421              -0.02643 
             -0.05844              -0.42181               0.07628 
             -0.05639              -0.40990               0.22447 
             -0.04591              -0.33364               0.31081 
             -0.02311              -0.20879               0.25803 
              0.00320              -0.12126               0.14312 
              0.02233              -0.08666               0.03386 
              0.03394              -0.09063              -0.02283 
              0.04436              -0.10115              -0.04052 
              0.04939              -0.07903              -0.04292 
              0.03989              -0.00956              -0.05008 
              0.02094               0.09790              -0.09080 
              0.00594               0.21509              -0.13843 
             -0.00574               0.30784              -0.17919 
             -0.00623               0.37148              -0.19672 
              0.00867               0.42582              -0.15128 
              0.02829               0.45509              -0.07921 
              0.04983               0.44546              -0.02233 
              0.06534               0.38979              -0.00447 
              0.05833               0.28793              -0.00512 
              0.02668               0.17424               0.03320 
             -0.01802               0.07138               0.08522 
             -0.05481               0.00376               0.11469 
             -0.06690              -0.02266               0.10264 
             -0.05721              -0.02305               0.08179 
             -0.03701              -0.02907               0.08302 
             -0.01447              -0.07009               0.08027 
             -0.00453              -0.15687               0.07129 
             -0.01023              -0.27804               0.06307 
             -0.01126              -0.39507               0.05758 
             -0.00941              -0.45806               0.01712 
             -0.01203              -0.45382              -0.08336 
             -0.01355              -0.41095              -0.18268 
             -0.01908              -0.35846              -0.22507 
             -0.03202              -0.30099              -0.20117 
             -0.04027              -0.22028              -0.13151 
             -0.03184              -0.10579              -0.06544 
             -0.00463               0.01436              -0.04794 
              0.03478               0.09520              -0.08083 
              0.06895               0.12690              -0.11070 
              0.08456               0.13247              -0.07620 
              0.07476               0.13282               0.03387 
              0.03887               0.14991               0.18168 
             -0.00999               0.21089               0.29152 
             -0.03986               0.30088               0.30145 
             -0.02793               0.37504               0.21405 
              0.00072               0.40276               0.08918 
              0.02535               0.39582              -0.00284 
              0.03971               0.36684              -0.04665 
              0.04176               0.32548              -0.04598 
              0.03164               0.25467              -0.05170 
              0.01150               0.14117              -0.09981 
             -0.00740               0.01035              -0.17105 
             -0.01861              -0.10079              -0.24289 
             -0.02977              -0.18779              -0.27425 
             -0.04399              -0.24999              -0.24388 
             -0.05963              -0.28211              -0.15793 
             -0.06993              -0.28553              -0.03359 
             -0.06546              -0.26682               0.07528 
             -0.03842              -0.24184               0.13569 
              0.01006              -0.25038               0.15336 
              0.04723              -0.30389               0.14098 
              0.04548              -0.36514               0.14479 
              0.01766              -0.39251               0.16534 
             -0.02175              -0.36285               0.16346 
             -0.06030              -0.26670               0.11744 
             -0.06659              -0.12845               0.04453 
             -0.03080               0.01463              -0.02519 
              0.01750               0.13673              -0.07373 
              0.05561               0.23205              -0.10012 
              0.07691               0.30051              -0.11850 
              0.07522               0.33748              -0.14574 
              0.05850               0.34624              -0.17581 
              0.03861               0.33721              -0.18178 
              0.01936               0.31012              -0.15308 
              0.00244               0.27947              -0.08861 
             -0.01231               0.26300              -0.00710 
             -0.01901               0.26408               0.04662 
             -0.01548               0.27577               0.04288 
             -0.01111               0.27741               0.00674 
              0.00061               0.25495              -0.01285 
              0.02693               0.20541               0.03930 
              0.04790               0.09414               0.13545 
              0.04672              -0.07861               0.20143 
              0.01827              -0.24708               0.20492 
             -0.02775              -0.34917               0.12458 
             -0.07176              -0.39266               0.02608 
             -0.09420              -0.40057              -0.03996 
             -0.09142              -0.38927              -0.07328 
             -0.06939              -0.37386              -0.06428 
             -0.03070              -0.33887              -0.04926 
              0.01216              -0.28096              -0.06023 
              0.03970              -0.21970              -0.10790 
              0.04154              -0.16798              -0.19102 
              0.02356              -0.13491              -0.25546 
             -0.00029              -0.11877              -0.24842 
             -0.02392              -0.10814              -0.15721 
             -0.04044              -0.08052              -0.02293 
             -0.03827              -0.01102               0.08543 
             -0.02052               0.10013               0.12828 
              0.00559               0.22812               0.12185 
              0.03586               0.34618               0.12862 
              0.06200               0.44049               0.17399 
              0.08020               0.48764               0.20657 
              0.08861               0.47290               0.19082 
              0.08129               0.40781               0.14099 
              0.05078               0.30468               0.07252 
              0.00288               0.18919              -0.02652 
             -0.03620               0.09983              -0.14180 
             -0.05556               0.04981              -0.22721 
             -0.05399               0.02731              -0.26057 
             -0.03101               0.01649              -0.25297 
              0.00064               0.00103              -0.24103 
              0.02602              -0.02862              -0.25381 
              0.03985              -0.07693              -0.26389 
              0.03614              -0.14695              -0.24037 
              0.01096              -0.23369              -0.17325 
             -0.02825              -0.31685              -0.09304 
             -0.06146              -0.35962              -0.07738 
             -0.07729              -0.35517              -0.13193 
             -0.07720              -0.32479              -0.19908 
             -0.06548              -0.29047              -0.23313 
             -0.05115              -0.25866              -0.22209 
             -0.03236              -0.21545              -0.20203 
             -0.00754              -0.16625              -0.16149 
              0.01721              -0.14208              -0.02762 
              0.04161              -0.15268               0.18960 
              0.05802              -0.16827               0.28543 
              0.05117              -0.16254               0.14729 
              0.02458              -0.13319               0.02075 
             -0.01642              -0.09075               0.09966 
             -0.06093              -0.01944               0.32833 
             -0.07337               0.10500               0.59663 
             -0.01017               0.31649               0.95318 
              0.12168               0.55021               1.31127 
              0.15351               0.48742               0.94603 
              0.08469               0.31940               0.34941 
              0.01078               0.31564               0.28244 
             -0.05664               0.54856               0.78097 
             -0.07798               0.80243               1.08097 
             -0.03440               0.72120               0.58262 
              0.00207               0.65493               0.15235 
              0.01890               0.70900               0.03974 
              0.01684               0.69612              -0.10338 
              0.00936               0.63129              -0.24953 
              0.00504               0.69762              -0.13544 
              0.00152               0.89569               0.22289 
             -0.00024               0.89399               0.27703 
             -0.00011               0.64355              -0.11244 
              0.00202               0.45349              -0.43671 
              0.00829               0.41272              -0.53786 
              0.02334               0.48551              -0.44213 
              0.05457               0.58536              -0.20058 
              0.08968               0.53028              -0.03132 
              0.08770               0.29870              -0.06996 
              0.05169               0.10177              -0.17042 
              0.00691               0.03138              -0.20107 
             -0.04564               0.05149              -0.13412 
             -0.09513               0.14069              -0.02307 
             -0.11078               0.26038               0.00370 
             -0.08502               0.33213              -0.14997 
             -0.04798               0.34804              -0.36272 
             -0.01838               0.35559              -0.47709 
              0.00217               0.34932              -0.49546 
              0.01317               0.28553              -0.48171 
              0.01341               0.12312              -0.46964 
              0.00835              -0.11804              -0.41961 
              0.00721              -0.36018              -0.29826 
              0.01370              -0.52686              -0.14334 
              0.02925              -0.55188              -0.06888 
              0.04006              -0.41416              -0.13244 
              0.03419              -0.22479              -0.17793 
              0.00629              -0.10064               0.03422 
             -0.08296              -0.23186               0.68657 
             -0.17907              -0.53625               0.88791 
             -0.12278              -0.40370               0.01044 
             -0.05272              -0.20253              -0.61844 
             -0.01992              -0.09481              -0.80761 
              0.00466              -0.01343              -0.79821 
              0.04501               0.11115              -0.59069 
              0.12416               0.36692               0.00961 
              0.18029               0.68622               0.82852 
              0.08405               0.51565               0.62121 
             -0.01658               0.21247              -0.12649 
             -0.04138               0.08461              -0.49258 
             -0.03893               0.04870              -0.54947 
             -0.02704               0.08101              -0.28458 
              0.03206               0.18952               0.72653 
              0.16696               0.03511               2.26373 
              0.03534              -0.58798               1.60010 
             -0.07259              -0.73083               0.45348 
             -0.07968              -0.80367               0.21298 
             -0.06929              -0.90033               0.28476 
             -0.05218              -0.80209               0.17749 
             -0.03557              -0.70768               0.25871 
             -0.00136              -0.72387               0.65169 
              0.04130              -0.94807               1.07890 
              0.02486              -0.67477               0.22115 
              0.00374              -0.29771              -0.68478 
             -0.00293              -0.16581              -0.91789 
             -0.01023              -0.20572              -0.86832 
             -0.03423              -0.52624              -0.38951 
             -0.07853              -1.43033               1.03621 
             -0.06126              -1.35312               1.01306 
              0.01492              -0.61081               0.00914 
              0.12141              -0.42785               0.05884 
              0.24045              -0.32256               0.37834 
              0.19903              -0.12799               0.04384 
              0.09437              -0.05784              -0.33037 
              0.00641              -0.20699               0.09019 
             -0.14943              -0.67448               1.19295 
             -0.14789              -0.61802               0.71494 
             -0.03072              -0.21014              -0.53561 
              0.00995              -0.07136              -0.93213 
              0.03351              -0.05356              -0.92034 
              0.09997              -0.07506              -0.59795 
              0.23132              -0.07150               0.07732 
              0.22685               0.00390               0.25522 
              0.07851               0.04285              -0.34408 
              0.00586               0.03698              -0.78426 
             -0.01468               0.02454              -0.85455 
             -0.02986              -0.03082              -0.58533 
             -0.04355              -0.24610               0.09918 
             -0.03649              -0.50970               0.50949 
             -0.02044              -0.48767               0.13709 
             -0.02108              -0.40673              -0.21141 
             -0.03717              -0.40947              -0.27706 
             -0.06524              -0.50628              -0.17383 
             -0.08938              -0.54508              -0.19842 
             -0.09521              -0.47860              -0.38614 
             -0.10399              -0.44988              -0.44340 
             -0.14256              -0.51025              -0.22434 
             -0.17342              -0.50570               0.07230 
             -0.10178              -0.23820              -0.09022 
             -0.01302               0.01996              -0.49161 
              0.02238               0.13887              -0.64553 
              0.04842               0.26259              -0.42671 
              0.08174               0.41972               0.12361 
              0.04591               0.34613               0.37492 
             -0.04580               0.09747               0.04481 
             -0.07104               0.05035              -0.24495 
             -0.05036               0.17238              -0.24123 
             -0.01077               0.36633              -0.08168 
              0.02085               0.47613              -0.09528 
              0.04134               0.51106              -0.22157 
              0.06835               0.56080              -0.18634 
              0.06003               0.65571               0.04353 
              0.01893               0.75724               0.31635 
              0.02336               0.61283               0.19937 
              0.02746               0.40830              -0.08533 
              0.00137               0.44681              -0.14508 
              0.00966               0.52081              -0.16379 
              0.04610               0.53419              -0.17705 
              0.07265               0.53846              -0.18367 
              0.08844               0.47349              -0.29684 
              0.12289               0.47205              -0.27030 
              0.16873               0.64683               0.13796 
              0.14357               0.81285               0.63455 
             -0.06347               0.50175               0.47989 
             -0.28542               0.06990               0.21970 
             -0.37393              -0.10183               0.23821 
             -0.38663              -0.03769               0.47745 
             -0.30945               0.14367               0.81092 
             -0.06696               0.47112               1.09588 
              0.06463               0.51804               1.39299 
             -0.08515               0.14034               0.70290 
             -0.07607              -0.13101               0.06435 
             -0.07467              -0.26025              -0.12085 
             -0.02214              -0.33547              -0.07749 
              0.08571              -0.35060               0.14677 
              0.14434              -0.15080               0.25743 
              0.08173               0.19239               0.05924 
              0.06733               0.41867              -0.07050 
              0.07082               0.46611              -0.26251 
              0.05899               0.49997              -0.30633 
              0.11448               0.45857              -0.18347 
              0.13282               0.36171              -0.02613 
              0.06496               0.25804               0.19871 
              0.03805               0.08370               0.30173 
             -0.07937               0.03627               0.32610 
             -0.15401               0.12962               0.27354 
             -0.10589               0.15176               0.10090 
             -0.10515               0.06941               0.12736 
             -0.00306              -0.08481              -0.02709 
              0.00025              -0.26716              -0.06350 
             -0.03871              -0.35502              -0.13424 
              0.00896              -0.28124              -0.43435 
              0.01347              -0.25366              -0.52327 
             -0.06166              -0.16960              -0.51933 
             -0.02805              -0.04949              -0.60588 
              0.07174              -0.04915              -0.43109 
              0.12501              -0.18514              -0.08067 
              0.07683              -0.23490              -0.16414 
              0.08440              -0.29593              -0.26420 
              0.09324              -0.38082              -0.28696 
              0.02536              -0.31706              -0.49311 
             -0.03656              -0.31364              -0.48855 
             -0.03188              -0.43155              -0.30362 
             -0.02342              -0.54208              -0.13620 
             -0.05132              -0.65586               0.18771 
             -0.01172              -0.44881              -0.07740 
             -0.02177              -0.43022              -0.20376 
              0.02790              -0.40056              -0.24660 
              0.07731              -0.25667              -0.45785 
              0.02715              -0.32375              -0.34259 
             -0.02319              -0.41236              -0.04187 
              0.02205              -0.30908               0.13795 
             -0.01938              -0.39373               0.66432 
             -0.04117              -0.19340               0.49817 
             -0.01779              -0.12401               0.10825 
             -0.06797              -0.17875              -0.06855 
             -0.06235              -0.15612              -0.09319 
             -0.06854              -0.29402               0.19906 
             -0.12328              -0.64962               0.47734 
             -0.04302              -0.99397               0.80623 
             -0.02902              -1.34186               1.09282 
              0.06207              -0.94596               0.36868 
              0.08169              -0.57217              -0.18487 
              0.08705              -0.65088              -0.03232 
              0.18425              -0.96924               0.53243 
              0.23107              -1.21915               0.92691 
              0.07370              -1.07830               0.55339 
              0.02304              -0.89738               0.26972 
              0.00188              -0.78100               0.12443 
             -0.02933              -0.60044              -0.20234 
             -0.03841              -0.49653              -0.40192 
             -0.04115              -0.57442              -0.28207 
             -0.03096              -1.09962               0.54362 
              0.00954              -1.21847               0.81697 
              0.05283              -0.82521               0.25978 
              0.08955              -0.46334              -0.25975 
              0.14894              -0.33049              -0.34688 
              0.22870              -0.33921              -0.14984 
              0.33320              -0.32863               0.13330 
              0.37238              -0.28767               0.38820 
              0.15604              -0.21725               0.15200 
              0.05823              -0.11791              -0.15982 
              0.04292              -0.08002              -0.24614 
              0.00899              -0.01056              -0.31941 
             -0.02631               0.01373              -0.30469 
             -0.02704              -0.03428              -0.21459 
             -0.03206               0.01469              -0.29544 
             -0.08453               0.04417              -0.32943 
             -0.14493               0.01587              -0.28949 
             -0.11774              -0.02201              -0.37313 
             -0.11223              -0.04854              -0.32024 
             -0.12450              -0.14272              -0.20262 
             -0.14144              -0.18736              -0.22717 
             -0.19316              -0.13373              -0.21311 
             -0.20237              -0.13409              -0.16857 
             -0.09016              -0.13783              -0.36392 
             -0.03243              -0.07868              -0.44213 
             -0.00060              -0.02016              -0.47423 
              0.05418              -0.01590              -0.53090 
              0.15850              -0.04771              -0.50284 
              0.24486              -0.10285              -0.39504 
              0.25699              -0.13328              -0.29660 
              0.20206              -0.16842              -0.23515 
              0.20026              -0.21277              -0.11099 
              0.19253              -0.20239              -0.11633 
              0.04988              -0.17835              -0.30469 
             -0.05753              -0.07955              -0.30458 
             -0.16621               0.02884              -0.34776 
             -0.24846               0.10708              -0.40375 
             -0.31751               0.15566              -0.31492 
             -0.35701               0.19387              -0.00366 
             -0.23226               0.10760               0.54793 
              0.18734              -0.08211               0.68499 
              0.31018              -0.10994               0.00582 
              0.26101              -0.09128              -0.46466 
              0.32954              -0.04746              -0.32396 
              0.27382               0.09308               0.28279 
              0.05943               0.19601               0.67980 
             -0.04906               0.24536               0.57375 
             -0.27886               0.16084               0.08356 
             -0.21771               0.09187              -0.25018 
             -0.01652               0.03229              -0.41787 
              0.03789               0.01545              -0.44581 
              0.06728               0.03942              -0.47509 
              0.24102               0.05881              -0.10690 
              0.54176               0.14103               0.66588 
              0.17555               0.23955               0.90510 
             -0.07721               0.14892               0.54178 
             -0.16117               0.10891               0.48081 
             -0.27813              -0.04245               1.37989 
             -0.16178              -0.09345               1.25319 
             -0.25418              -0.52689               1.17642 
             -0.19501              -0.47057               0.88498 
             -0.03044              -0.69215               0.78538 
             -0.03710              -0.75331               0.57257 
             -0.02253              -0.70428               0.56232 
              0.02267              -0.31501              -0.21974 
             -0.13048              -0.22942              -0.23785 
             -0.14815              -0.06488              -0.01033 
             -0.09528              -0.00576              -0.11734 
             -0.13692              -0.09313              -0.21225 
             -0.04127              -0.12130              -0.29532 
              0.16814              -0.26471              -0.13655 
              0.33219              -0.64948               0.37665 
              0.39332              -0.63841               0.34150 
              0.34097              -0.55575               0.14477 
              0.19535              -0.42337              -0.26652 
              0.07034              -0.34604              -0.44114 
             -0.02643              -0.56358               0.26449 
             -0.11432              -0.56597               0.77523 
             -0.14000              -0.37061               0.27733 
             -0.07933              -0.21465              -0.16245 
              0.03094              -0.06864              -0.50115 
              0.06988               0.01587              -0.55780 
              0.13297               0.04476              -0.26369 
              0.18182               0.05358              -0.13718 
              0.05051               0.07110              -0.45324 
              0.04041               0.07756              -0.56315 
              0.07416               0.06178              -0.52897 
              0.06168               0.02996              -0.52515 
             -0.01414              -0.01066              -0.54651 
             -0.08009               0.02761              -0.51575 
             -0.06380               0.09398              -0.50660 
             -0.06024               0.04625              -0.50216 
             -0.11416              -0.07293              -0.39910 
             -0.05620              -0.13827              -0.23718 
              0.09954              -0.13723              -0.10182 
              0.13995              -0.22357               0.03428 
              0.19008              -0.28408               0.05648 
              0.29572              -0.15626               0.04243 
              0.16576              -0.09611              -0.11840 
              0.08456               0.01078               0.04026 
              0.03739              -0.01685               0.06284 
             -0.02799              -0.06298              -0.08459 
              0.09665              -0.02158               0.09468 
              0.17380              -0.10235               0.21885 
              0.15193              -0.18360              -0.17215 
              0.13850              -0.20366              -0.31139 
              0.03276              -0.22308              -0.31919 
              0.00303              -0.24497              -0.32705 
             -0.09658              -0.14456              -0.34529 
             -0.11852              -0.07061              -0.47026 
             -0.10728              -0.02838              -0.45809 
             -0.13292               0.03682              -0.11582 
             -0.26806               0.01174               0.15006 
             -0.13352              -0.15039               0.20290 
              0.12797              -0.09532               0.22041 
              0.05840              -0.12361              -0.10175 
              0.06348              -0.14959               0.08110 
              0.11099               0.04653               0.82034 
             -0.09216               0.27423               0.94642 
             -0.14248               0.39594               0.67818 
              0.05699               0.46045               0.39413 
              0.03589               0.36100               0.41149 
             -0.26721               0.15846               0.23097 
             -0.23323               0.23904               0.06443 
             -0.24031               0.20371               0.05166 
             -0.14756               0.18056              -0.24319 
             -0.08984               0.27429              -0.32109 
             -0.06661               0.31567              -0.37515 
             -0.03665               0.25313              -0.55596 
             -0.02185               0.38308              -0.40913 
             -0.01896               0.64233              -0.02745 
              0.13289               0.70419               0.31069 
              0.30954               0.58785               0.18778 
              0.31113               0.34428              -0.16381 
              0.37152               0.19906              -0.11163 
              0.45597               0.20077               0.18745 
              0.34216               0.46636               0.35586 
              0.02669               0.94872               0.78016 
             -0.29759               0.98565               0.95351 
             -0.20309               0.59159               0.30269 
             -0.11890               0.34842              -0.15005 
              0.03712               0.15404              -0.39524 
             -0.01069              -0.00735              -0.03797 
             -0.01452              -0.34987               0.52331 
              0.01986              -0.57140               0.33843 
              0.01762              -0.42847              -0.10290 
              0.01082              -0.31945              -0.30375 
              0.05009              -0.25162              -0.46521 
              0.06181              -0.24359              -0.40091 
              0.00453              -0.29070              -0.05438 
             -0.00169              -0.29625               0.10636 
