              0.03017              -0.11360              -0.21912 
              0.05404              -0.21611              -0.14656 
              0.06787              -0.29558              -0.05266 
              0.06035              -0.33950               0.00445 
              0.03247              -0.34560              -0.00785 
             -0.00111              -0.35277               0.02558 
             -0.03384              -0.38365               0.18464 
             -0.05202              -0.40257               0.32792 
             -0.03791              -0.37285               0.28827 
             -0.00384              -0.30475               0.13320 
              0.03004              -0.24635               0.04248 
              0.06008              -0.19730               0.01958 
              0.07220              -0.13716              -0.01528 
              0.05593              -0.05948              -0.08029 
              0.02469               0.02952              -0.12983 
             -0.00897               0.12798              -0.12125 
             -0.04128               0.22340              -0.11068 
             -0.05861               0.29031              -0.16280 
             -0.05615               0.32784              -0.22626 
             -0.04474               0.36452              -0.21632 
             -0.02846               0.41849              -0.10863 
             -0.00442               0.46468               0.03634 
              0.02276               0.43408               0.07740 
              0.03787               0.34744               0.01286 
              0.03039               0.27250              -0.01601 
              0.00306               0.22173               0.05409 
             -0.03084               0.17174               0.13088 
             -0.05956               0.11067               0.11487 
             -0.07101               0.04342               0.06178 
             -0.05619              -0.04217               0.06388 
             -0.02121              -0.14880               0.10110 
              0.01658              -0.24967               0.07684 
              0.04818              -0.32089              -0.01102 
              0.06506              -0.38031              -0.05587 
              0.06328              -0.43959              -0.02599 
              0.05061              -0.46488              -0.00538 
              0.02867              -0.43274              -0.07076 
              0.00097              -0.36317              -0.17837 
             -0.01981              -0.29842              -0.22523 
             -0.02972              -0.25225              -0.17646 
             -0.03114              -0.19951              -0.09227 
             -0.01526              -0.13083              -0.06336 
              0.01893              -0.06032              -0.09476 
              0.05300               0.00302              -0.09884 
              0.07085               0.06027              -0.03279 
              0.06854               0.13020               0.06357 
              0.03720               0.21407               0.13013 
             -0.01285               0.29490               0.16685 
             -0.05951               0.39172               0.24030 
             -0.08482               0.45927               0.27305 
             -0.07787               0.45190               0.16832 
             -0.05171               0.40749               0.01690 
             -0.02256               0.36082              -0.06627 
              0.00535               0.32534              -0.05028 
              0.02256               0.26562              -0.04087 
              0.02625               0.17462              -0.11081 
              0.02106               0.07625              -0.21076 
              0.00688              -0.01294              -0.27496 
             -0.01257              -0.08213              -0.27802 
             -0.03212              -0.14405              -0.22282 
             -0.04603              -0.20559              -0.14682 
             -0.04744              -0.26139              -0.06685 
             -0.03471              -0.32409               0.04600 
              0.00125              -0.38218               0.14737 
              0.04767              -0.40623               0.16804 
              0.07453              -0.39910               0.12419 
              0.08118              -0.38452               0.11569 
              0.06949              -0.37896               0.20137 
              0.02898              -0.33351               0.23510 
             -0.01830              -0.24595               0.14544 
             -0.04120              -0.13731               0.00761 
             -0.03917              -0.03219              -0.08763 
             -0.02116               0.06149              -0.11347 
              0.00548               0.14894              -0.13001 
              0.02747               0.21864              -0.16236 
              0.03928               0.27210              -0.17127 
              0.03974               0.31615              -0.14653 
              0.02811               0.34693              -0.11539 
              0.00888               0.36052              -0.11089 
             -0.01486               0.35754              -0.13482 
             -0.04162               0.36614              -0.10423 
             -0.06604               0.39987               0.02638 
             -0.07832               0.39786               0.12497 
             -0.06978               0.33845               0.09648 
             -0.03947               0.24865               0.01952 
              0.00055               0.13893               0.01063 
              0.03673               0.02458               0.09230 
              0.05633              -0.08761               0.15160 
              0.04610              -0.19303               0.12674 
              0.01125              -0.26821               0.06360 
             -0.02397              -0.31902               0.03554 
             -0.04524              -0.36220               0.03652 
             -0.04623              -0.37889              -0.02040 
             -0.02638              -0.37214              -0.10352 
              0.00382              -0.37540              -0.11724 
              0.03567              -0.39037              -0.07470 
              0.06299              -0.37626              -0.06335 
              0.07218              -0.31046              -0.14262 
              0.06102              -0.22786              -0.25304 
              0.04408              -0.16340              -0.26246 
              0.02111              -0.10677              -0.13973 
             -0.00878              -0.03277               0.00276 
             -0.03357               0.05455               0.05404 
             -0.04152               0.14736               0.03927 
             -0.03341               0.24410               0.06140 
             -0.01476               0.33724               0.14603 
              0.00932               0.40299               0.19734 
              0.02959               0.41427               0.16568 
              0.03545               0.40710               0.15362 
              0.02280               0.40186               0.19774 
             -0.00627               0.37267               0.18094 
             -0.03644               0.30768               0.01105 
             -0.05262               0.23324              -0.19423 
             -0.06219               0.17784              -0.27079 
             -0.06339               0.13001              -0.21607 
             -0.04549               0.06242              -0.13658 
             -0.01365              -0.02540              -0.13878 
              0.01435              -0.10775              -0.21678 
              0.03548              -0.17992              -0.24538 
              0.04843              -0.25884              -0.15530 
              0.04086              -0.34232              -0.01426 
              0.01511              -0.40864               0.07881 
             -0.01012              -0.44029               0.10607 
             -0.02991              -0.44840               0.14153 
             -0.03869              -0.44537               0.23292 
             -0.02342              -0.37432               0.24420 
              0.00841              -0.25697               0.13390 
              0.03915              -0.16217               0.03568 
              0.06432              -0.09642               0.03238 
              0.07448              -0.05279               0.07581 
              0.05763              -0.00849               0.01698 
              0.03128               0.05480              -0.12945 
              0.00398               0.12866              -0.21277 
             -0.02620               0.21796              -0.19152 
             -0.04317               0.32059              -0.12225 
             -0.04558               0.39459              -0.08676 
             -0.03971               0.41300              -0.11378 
             -0.02076               0.41365              -0.13114 
              0.00398               0.41997              -0.08673 
              0.02395               0.40645              -0.02792 
              0.03291               0.35247              -0.01335 
              0.02407               0.28016              -0.01154 
             -0.00532               0.20313               0.03728 
             -0.04669               0.11886               0.14555 
             -0.07800               0.02971               0.17334 
             -0.07894              -0.04662               0.05943 
             -0.05230              -0.10851              -0.03229 
             -0.01818              -0.17965               0.01105 
              0.01698              -0.27100               0.14020 
              0.04685              -0.35513               0.19430 
              0.05360              -0.38789               0.07454 
              0.04035              -0.39384              -0.06851 
              0.02718              -0.40235              -0.11751 
              0.01627              -0.41023              -0.11619 
              0.00466              -0.39047              -0.13426 
             -0.00692              -0.33255              -0.18045 
             -0.01446              -0.26341              -0.19067 
             -0.01129              -0.18320              -0.13799 
              0.00393              -0.08219              -0.08301 
              0.02481               0.01613              -0.10054 
              0.04557               0.08918              -0.15886 
              0.06106               0.14703              -0.13156 
              0.06525               0.21079               0.03829 
              0.04309               0.28040               0.23411 
             -0.00477               0.32413               0.26589 
             -0.04827               0.33352               0.15176 
             -0.06809               0.35955               0.09151 
             -0.06625               0.40521               0.13675 
             -0.04484               0.40650               0.14331 
             -0.01329               0.36458               0.04451 
              0.00680               0.29757              -0.08716 
              0.01340               0.22331              -0.16109 
              0.01002               0.15291              -0.18764 
             -0.00201               0.06738              -0.24383 
             -0.01290              -0.03379              -0.33160 
             -0.01997              -0.12454              -0.39219 
             -0.02786              -0.19856              -0.39235 
             -0.03066              -0.25921              -0.36029 
             -0.02717              -0.29118              -0.36318 
             -0.02356              -0.28260              -0.42161 
             -0.01733              -0.25316              -0.48581 
             -0.00525              -0.23740              -0.48294 
              0.01595              -0.25514              -0.32303 
              0.05742              -0.25690               0.02833 
              0.10473              -0.11192               0.30123 
              0.10475               0.14507               0.17288 
              0.06148               0.32505              -0.10387 
              0.02146               0.43279              -0.22692 
             -0.00349               0.56897              -0.12989 
             -0.01536               0.84409               0.28749 
              0.00065               1.12976               0.91674 
              0.04959               0.73662               0.92563 
              0.06034               0.08131               0.68060 
              0.01188              -0.17363               0.66777 
             -0.04902              -0.03766               0.43762 
             -0.07648               0.19583               0.08392 
             -0.08115               0.52224               0.28794 
             -0.07521               1.24659               1.53364 
             -0.03957               1.07834               1.62985 
             -0.03458               0.10969               0.48591 
             -0.04538              -0.57711               0.41136 
             -0.02235              -1.28608               0.93737 
              0.01615              -1.35230               0.85973 
              0.08128              -1.00609               0.58828 
              0.17898              -0.58129               0.80821 
              0.19388               0.03907               1.01444 
              0.06639               0.26306               0.55029 
             -0.02349               0.11043              -0.16522 
             -0.04333              -0.01187              -0.53104 
             -0.04417              -0.06315              -0.53054 
             -0.04716              -0.10737              -0.17251 
             -0.03476              -0.18250               0.28318 
             -0.00080              -0.23574               0.17838 
              0.01337              -0.22237              -0.27551 
              0.00901              -0.22892              -0.47173 
             -0.00104              -0.27336              -0.40607 
             -0.01726              -0.29008              -0.27723 
             -0.03312              -0.21000              -0.25414 
             -0.03769              -0.06293              -0.33223 
             -0.03371               0.06737              -0.38056 
             -0.03426               0.12913              -0.31382 
             -0.04055               0.06427              -0.16298 
             -0.04252              -0.12021              -0.15300 
             -0.03560              -0.24507              -0.37808 
             -0.02751              -0.27690              -0.55476 
             -0.02178              -0.33126              -0.46292 
             -0.00357              -0.39443              -0.14309 
              0.04212              -0.31810               0.06087 
              0.08029              -0.14184              -0.08649 
              0.08846              -0.05091              -0.32809 
              0.08445              -0.05998              -0.43072 
              0.07331              -0.12365              -0.43014 
              0.04386              -0.18040              -0.49696 
              0.00920              -0.18661              -0.66964 
             -0.01103              -0.17928              -0.80338 
             -0.02257              -0.21030              -0.80701 
             -0.04152              -0.32234              -0.63659 
             -0.08228              -0.52342              -0.26608 
             -0.12133              -0.63622               0.02891 
             -0.10720              -0.41082              -0.13707 
             -0.06001              -0.07412              -0.35532 
             -0.01572               0.24692              -0.22344 
              0.03062               0.62698               0.28343 
              0.06020               0.78972               0.55999 
              0.05861               0.41605               0.10968 
              0.04649               0.01641              -0.04833 
              0.04323              -0.37609               0.59825 
              0.05837              -0.52207               1.07188 
              0.04059              -0.13616               0.20557 
              0.00301               0.09564              -0.48205 
             -0.02755               0.20860              -0.57376 
             -0.08194               0.36788              -0.25107 
             -0.18500               0.53088               0.31439 
             -0.23789               0.44298               0.53492 
             -0.15050               0.22862               0.33128 
             -0.02516               0.11249               0.11786 
              0.07274               0.10994              -0.07468 
              0.13701               0.23760              -0.13623 
              0.22703               0.63784               0.39649 
              0.34575               1.36320               1.56031 
              0.25968               1.11362               1.30860 
              0.04950               0.49949               0.57609 
             -0.15587               0.32124               0.49312 
             -0.25111               0.29742               0.19568 
             -0.20178               0.27437              -0.22019 
             -0.15037               0.34259              -0.24323 
             -0.08576               0.58914               0.09495 
              0.02584               0.73222               0.17714 
              0.07648               0.49976              -0.32638 
              0.05862               0.29959              -0.69742 
              0.04064               0.26797              -0.74608 
              0.03228               0.39841              -0.54126 
              0.02246               0.66806              -0.10580 
              0.01403               0.76496               0.06816 
              0.01233               0.54210              -0.28149 
              0.01251               0.47444              -0.41445 
              0.02061               0.84152               0.11676 
              0.05166               1.42472               0.99280 
              0.09274               0.82636               0.10072 
              0.07427               0.34490              -0.61165 
              0.07002               0.24710              -0.64567 
              0.07437               0.33007              -0.12273 
             -0.00816               0.33696               0.42990 
             -0.12129               0.12803               0.10304 
             -0.11496               0.00066              -0.47442 
             -0.09160              -0.02746              -0.70685 
             -0.08757              -0.02623              -0.60840 
             -0.02819              -0.03589              -0.11029 
              0.19351              -0.12036               0.43249 
              0.28694              -0.22530               0.23020 
              0.19205              -0.24331              -0.22382 
              0.10211              -0.22744              -0.43558 
              0.01485              -0.20482              -0.49468 
             -0.11958              -0.16606              -0.41000 
             -0.37138              -0.14499               0.08732 
             -0.67485              -0.23719               0.98561 
             -0.49555              -0.33020               0.97668 
             -0.08972              -0.27436               0.23049 
              0.06319              -0.20400              -0.16329 
              0.06268              -0.09794              -0.25575 
              0.02461               0.03222              -0.25085 
             -0.01408               0.15448              -0.09689 
             -0.03176               0.30346               0.28162 
              0.06852               0.33878               0.37943 
              0.20454               0.23239               0.11613 
              0.27732               0.18200              -0.06116 
              0.23903               0.16343              -0.35836 
              0.15955               0.14267              -0.63501 
              0.13759               0.16959              -0.53693 
              0.16364               0.20555               0.39484 
              0.19009              -0.29724               1.76627 
             -0.00479              -0.64885               0.89389 
             -0.04264              -0.41856              -0.17453 
             -0.00077              -0.65237               0.16619 
              0.02156              -1.43228               1.57543 
              0.02098              -0.88385               0.77799 
              0.01045              -0.33051              -0.44493 
             -0.01029              -0.29587              -0.51271 
             -0.13541              -0.63904               0.29772 
             -0.27430              -1.18350               1.14496 
             -0.19791              -0.67185               0.10041 
             -0.12127              -0.29672              -0.63020 
             -0.10787              -0.19994              -0.76063 
             -0.13742              -0.22002              -0.64565 
             -0.16688              -0.27976              -0.46701 
             -0.16175              -0.29423              -0.39755 
             -0.12425              -0.30400              -0.32273 
             -0.00479              -0.55106               0.10459 
              0.20154              -0.97533               0.68521 
              0.22372              -0.80290               0.30753 
              0.15794              -0.44232              -0.27829 
              0.13967              -0.37206              -0.23973 
              0.14447              -0.48798               0.29343 
              0.05097              -0.47934               0.51021 
             -0.01817              -0.31337               0.15945 
              0.01785              -0.16029              -0.03315 
              0.05355              -0.07322               0.18569 
              0.09126              -0.19034               0.29938 
              0.11429              -0.32728              -0.15567 
              0.05640              -0.28243              -0.60545 
              0.00533              -0.21993              -0.78706 
             -0.03042              -0.21203              -0.76117 
             -0.10060              -0.29246              -0.42753 
             -0.22931              -0.39523               0.13987 
             -0.23361              -0.30117               0.06362 
             -0.09070              -0.23245              -0.38067 
             -0.01307              -0.33486              -0.42957 
              0.06869              -0.57037              -0.09698 
              0.19112              -0.84182               0.39229 
              0.22006              -0.77132               0.28272 
              0.17440              -0.58806              -0.07947 
              0.10563              -0.76048               0.12183 
              0.02823              -1.12035               0.60805 
             -0.00902              -1.04383               0.44345 
             -0.01755              -0.79752               0.03345 
             -0.03267              -0.79138               0.02942 
             -0.02656              -0.60943              -0.21283 
             -0.01327              -0.43871              -0.47148 
             -0.01166              -0.34945              -0.61106 
             -0.01437              -0.34575              -0.61052 
             -0.02320              -0.51742              -0.26125 
             -0.04398              -0.88866               0.44668 
             -0.05038              -0.74328               0.21988 
             -0.03534              -0.49821              -0.28967 
             -0.03255              -0.54257              -0.24344 
             -0.02305              -1.00652               0.56367 
              0.02504              -1.44647               1.29159 
              0.01019              -0.87797               0.46589 
             -0.01132              -0.60446               0.15884 
             -0.04491              -0.74202               0.68525 
             -0.06934              -0.57816               0.81926 
             -0.04177              -0.16269               0.12054 
             -0.05375               0.01543              -0.40437 
             -0.07640               0.06454              -0.53415 
             -0.08554               0.07949              -0.39235 
             -0.11605               0.02625              -0.09436 
             -0.09083              -0.06469               0.00162 
              0.01556              -0.15508              -0.09792 
              0.10738              -0.24001              -0.19362 
              0.09766              -0.30109              -0.28151 
              0.07636              -0.36919              -0.24692 
              0.07702              -0.42680              -0.16077 
              0.05587              -0.38467              -0.20046 
             -0.01986              -0.27007              -0.30467 
             -0.09873              -0.23270              -0.22072 
             -0.08534              -0.15783              -0.15177 
             -0.04398               0.00539              -0.19563 
             -0.06655               0.14421              -0.18739 
             -0.01941               0.27965              -0.17103 
              0.08552               0.37498              -0.20301 
              0.16530               0.27292              -0.33401 
              0.26224               0.23688              -0.12575 
              0.30965               0.09518               0.28392 
              0.24621              -0.27833               0.51271 
              0.06923              -0.35925               0.15685 
             -0.03467              -0.33661              -0.13569 
             -0.08128              -0.41441              -0.13781 
             -0.12987              -0.36088              -0.18890 
             -0.17466              -0.21602              -0.29268 
             -0.12713              -0.07557              -0.45240 
             -0.04129               0.03099              -0.59500 
              0.03518               0.10151              -0.58210 
              0.14613               0.18884              -0.39505 
              0.10477               0.21110              -0.30603 
              0.03005               0.17214              -0.25532 
             -0.01638               0.09545              -0.33436 
             -0.07163               0.05235              -0.46967 
             -0.18808               0.06125              -0.45990 
             -0.52200              -0.03460               0.18160 
             -0.81304              -0.24970               1.43084 
              0.00818              -0.59152               1.64687 
              0.20475              -0.26633               0.07571 
              0.20699               0.00913              -0.08975 
              0.15599               0.05024               0.30474 
             -0.11854              -0.05477               0.27761 
             -0.28503              -0.11565               0.57344 
             -0.27950              -0.31176               0.68951 
             -0.08719              -0.48664               0.33209 
              0.13172              -0.43358              -0.16546 
              0.24936              -0.31275              -0.34250 
              0.42996              -0.31384              -0.13223 
              0.39395              -0.45578               0.02096 
              0.28529              -0.64015               0.12665 
              0.29369              -0.63660               0.15962 
              0.25078              -0.86702               0.51284 
              0.20883              -1.50420               1.29450 
              0.10467              -1.20563               0.80744 
             -0.03307              -0.73909               0.07291 
             -0.07765              -0.55151              -0.13222 
             -0.19181              -0.84415               0.44642 
             -0.38464              -0.81812               0.86224 
             -0.32147              -0.29096               0.26618 
             -0.10711              -0.17439              -0.12279 
             -0.02201              -0.14664              -0.00632 
             -0.20122              -0.23065               0.00573 
             -0.21315              -0.14305               0.05902 
             -0.06527               0.04016              -0.23741 
              0.00480              -0.03810              -0.57816 
             -0.06617              -0.16274              -0.55943 
             -0.18712              -0.27388              -0.09708 
             -0.38354              -0.56961               0.58452 
             -0.49845              -0.70132               0.65088 
             -0.27878              -0.46456               0.15194 
             -0.05747              -0.20370              -0.37807 
              0.08705              -0.15194              -0.49484 
              0.12763              -0.23558              -0.28403 
              0.13415              -0.28685               0.05191 
              0.09173              -0.19744              -0.07290 
             -0.03156              -0.25383              -0.13158 
             -0.02737              -0.37512               0.12841 
             -0.01523              -0.34628               0.12115 
             -0.03533              -0.14923              -0.32686 
              0.02185              -0.03236              -0.62256 
              0.16544              -0.02229              -0.47059 
              0.26376              -0.05118              -0.30333 
              0.16613              -0.09668              -0.43416 
              0.23864              -0.11359              -0.12984 
              0.41380              -0.01418               0.18233 
              0.24295              -0.00799              -0.19611 
              0.13408              -0.03624              -0.54050 
              0.15865              -0.06547              -0.51587 
              0.15173              -0.08582              -0.35568 
              0.17731              -0.11553              -0.19707 
              0.17830               0.02704              -0.04310 
              0.05530               0.24881               0.02607 
              0.10343               0.17800              -0.04395 
              0.11119              -0.05055              -0.28683 
              0.03178              -0.21030              -0.30171 
             -0.14496              -0.37457              -0.03214 
             -0.14075              -0.24039              -0.12163 
              0.00408              -0.26983              -0.18446 
              0.00177              -0.27898              -0.12391 
             -0.04012              -0.11780              -0.26354 
             -0.02732              -0.08032              -0.20807 
             -0.03664              -0.11000              -0.02804 
             -0.09456              -0.17357               0.03745 
             -0.21709              -0.36126               0.04877 
             -0.23152              -0.27653              -0.15897 
             -0.09182              -0.25853              -0.36727 
              0.02326              -0.25583              -0.36711 
              0.05529              -0.18658              -0.19458 
              0.02173              -0.21835               0.06633 
              0.12262              -0.08766               0.01773 
              0.10108               0.01256               0.09366 
             -0.00835               0.24828               0.51018 
              0.01933               0.52337               0.40902 
              0.08191               0.30416              -0.24691 
              0.00674               0.30903              -0.44434 
              0.02654               0.41441              -0.28546 
              0.12436               0.45293               0.15224 
             -0.09848               0.38521               0.13566 
             -0.29740               0.48576               0.26868 
             -0.18876               0.56312               0.34232 
             -0.03561               0.46061               0.34854 
              0.21010               0.14304               0.46739 
              0.29884              -0.25045               0.07874 
              0.21655              -0.21901              -0.43165 
              0.05532              -0.26859              -0.46723 
             -0.16796              -0.23271               0.18632 
             -0.54938              -0.15710               0.93915 
             -0.64253               0.24744               0.99086 
             -0.27019               0.19760               0.43482 
             -0.00890              -0.29584               0.62043 
              0.13757              -0.26482               0.70148 
              0.38666              -0.30938               0.42800 
              0.10200              -0.34784               0.05323 
              0.23293              -0.44780               0.53947 
              0.29140              -0.52960               0.88114 
              0.19720              -0.43121               0.59890 
             -0.15704              -0.22254               0.08137 
             -0.07680              -0.11259              -0.34106 
             -0.14245              -0.10507              -0.21964 
             -0.16759              -0.11656              -0.06975 
             -0.07522              -0.08608              -0.02811 
             -0.03888              -0.11263              -0.09398 
             -0.07866              -0.09706              -0.27247 
             -0.08742              -0.10189               0.06648 
             -0.05033              -0.00897               0.93352 
              0.02237               0.21063               0.28937 
             -0.17010               0.16153              -0.32523 
             -0.16547               0.26210              -0.26541 
              0.00875               0.41094              -0.06057 
             -0.01972               0.28330              -0.19265 
             -0.09822               0.10382              -0.10355 
              0.09567              -0.27655              -0.27777 
              0.15834              -0.44226              -0.18517 
              0.16140              -0.65892               0.20738 
              0.10141              -0.73487               0.22891 
              0.07643              -0.49609              -0.26752 
              0.03097              -0.33338              -0.33571 
             -0.16137              -0.09747              -0.26161 
             -0.39587              -0.00920              -0.07224 
             -0.37400               0.00127              -0.07719 
             -0.13530               0.15564              -0.33824 
             -0.21417               0.27480              -0.23195 
             -0.25884               0.12666              -0.03158 
              0.08937              -0.06385              -0.38787 
              0.21961              -0.15194              -0.40357 
              0.18791              -0.19168              -0.35557 
              0.19712              -0.35419              -0.15753 
              0.25080              -0.41545              -0.10197 
              0.15905              -0.14545              -0.40380 
              0.08648              -0.04419              -0.41490 
              0.22754              -0.01425              -0.25069 
              0.17021               0.12978              -0.24776 
              0.01909               0.24451              -0.33208 
             -0.07042               0.12408              -0.14226 
             -0.31253              -0.03651               0.56171 
             -0.14320              -0.07630               0.50223 
             -0.21859              -0.14876              -0.02567 
             -0.19359              -0.05462              -0.22833 
             -0.04925              -0.06728              -0.24010 
             -0.06114              -0.17402              -0.25686 
             -0.26618              -0.06492              -0.08471 
             -0.28377               0.02141               0.02286 
             -0.03687              -0.10615              -0.12170 
              0.11312              -0.25371              -0.02803 
              0.08915              -0.16689              -0.27509 
              0.07286              -0.11835              -0.43781 
              0.04085              -0.25412              -0.42023 
             -0.11386              -0.31925              -0.13033 
             -0.25248              -0.21835               0.29109 
             -0.31720              -0.16270               0.40226 
             -0.38534              -0.22266               0.26540 
             -0.25812              -0.24168               0.10345 
              0.06472              -0.23887              -0.00456 
              0.27531              -0.15915               0.56373 
              0.37697              -0.32024               0.38710 
              0.39360              -0.36660               0.21196 
              0.44709              -0.25615               0.16731 
              0.32023              -0.18409              -0.02954 
              0.17243              -0.48297               0.21924 
              0.00338              -0.66617               0.16520 
             -0.03941              -0.75637               0.26793 
             -0.09895              -0.56021               0.26356 
             -0.13653              -0.26788               0.19144 
             -0.20712              -0.00019               0.30470 
             -0.19381               0.29875               0.34248 
             -0.00594               0.29622              -0.12182 
              0.13048               0.15668              -0.41146 
              0.39599               0.13857               0.02163 
              0.32385               0.21561               0.09032 
              0.02441               0.10047              -0.09668 
             -0.09125              -0.05520               0.11007 
             -0.17762               0.03098              -0.07085 
             -0.18706               0.27466              -0.16905 
             -0.18267               0.49645               0.11155 
             -0.12573               0.44564               0.21316 
              0.01597               0.39037               0.12898 
              0.05428               0.45877               0.08089 
              0.05375               0.36918              -0.26750 
             -0.00524               0.18603              -0.51936 
              0.02599               0.06049              -0.46056 
              0.24125              -0.08505              -0.35121 
              0.37103               0.01697              -0.28553 
              0.39983               0.06570               0.00821 
              0.34549              -0.09054              -0.06064 
              0.37668               0.05936              -0.17790 
              0.03631               0.25421              -0.44410 
             -0.09722               0.26696              -0.40288 
