             -0.01458              -0.08543              -0.29025 
             -0.02465              -0.16372              -0.23939 
             -0.02990              -0.24014              -0.12531 
             -0.02113              -0.28304              -0.06455 
             -0.00443              -0.27982              -0.10224 
              0.01055              -0.27947              -0.09289 
              0.03181              -0.30816               0.05750 
              0.04633              -0.35296               0.27917 
              0.04499              -0.34008               0.31617 
              0.02977              -0.25902               0.14008 
              0.00400              -0.20829               0.05556 
             -0.01854              -0.17668               0.12268 
             -0.03691              -0.13095               0.15993 
             -0.04179              -0.07074               0.04442 
             -0.02592               0.00278              -0.09427 
             -0.00407               0.09170              -0.10752 
              0.01471               0.19232              -0.05595 
              0.02750               0.26900              -0.09467 
              0.02863               0.29353              -0.23172 
              0.01909               0.30538              -0.30217 
              0.00456               0.34223              -0.21898 
             -0.01520               0.38419              -0.05135 
             -0.03591               0.36667               0.01446 
             -0.04298               0.29364              -0.08656 
             -0.03862               0.23224              -0.15908 
             -0.02881               0.20025              -0.04874 
             -0.00332               0.17237               0.14529 
              0.02324               0.11436               0.19770 
              0.03507               0.03397               0.08706 
              0.03780              -0.04345               0.03825 
              0.03016              -0.13004               0.14504 
              0.01416              -0.21680               0.21303 
             -0.00769              -0.26853               0.11318 
             -0.02263              -0.29884              -0.01662 
             -0.02563              -0.34279              -0.02793 
             -0.02378              -0.39784               0.03207 
             -0.00760              -0.38295              -0.02061 
              0.01374              -0.30423              -0.18201 
              0.02658              -0.23448              -0.29761 
              0.03625              -0.19780              -0.27244 
              0.04272              -0.17016              -0.14710 
              0.03083              -0.12394              -0.08282 
              0.00082              -0.07015              -0.14325 
             -0.02337              -0.01590              -0.20119 
             -0.04257               0.04512              -0.11971 
             -0.05526               0.11921               0.06448 
             -0.03992               0.19663               0.16561 
             -0.00805               0.25020               0.14115 
              0.01942               0.30601               0.16078 
              0.03688               0.38718               0.28616 
              0.03268               0.41165               0.30716 
              0.01766               0.36465               0.12869 
             -0.00420               0.29711              -0.05771 
             -0.02228               0.25119              -0.06715 
             -0.02835               0.21144               0.02757 
             -0.03244               0.13763              -0.00537 
             -0.02603               0.04926              -0.18077 
             -0.00840              -0.01666              -0.33148 
              0.00854              -0.06643              -0.35075 
              0.02275              -0.12581              -0.23890 
              0.03610              -0.19247              -0.12534 
              0.04456              -0.23135              -0.11474 
              0.03582              -0.26339              -0.10846 
              0.01410              -0.31315              -0.01840 
             -0.01206              -0.36007               0.12114 
             -0.04070              -0.36518               0.17917 
             -0.04428              -0.31774               0.10289 
             -0.02523              -0.28413               0.09203 
              0.00239              -0.26923               0.21324 
              0.03893              -0.21605               0.29817 
              0.05119              -0.12407               0.16936 
              0.03394              -0.02247              -0.05223 
              0.01383               0.06711              -0.12372 
             -0.01099               0.14664              -0.07484 
             -0.03086               0.21073              -0.04208 
             -0.03451               0.23968              -0.10562 
             -0.02896               0.24719              -0.19828 
             -0.02431               0.26750              -0.20609 
             -0.01729               0.29901              -0.15805 
             -0.00640               0.32190              -0.13921 
              0.00036               0.32299              -0.16327 
              0.00747               0.31959              -0.14907 
              0.02037               0.32408              -0.03810 
              0.02896               0.31286               0.10091 
              0.01978               0.23772               0.10393 
             -0.00442               0.12009              -0.00011 
             -0.02406               0.00754              -0.00097 
             -0.03978              -0.10605               0.14156 
             -0.03618              -0.20876               0.26304 
             -0.00236              -0.26106               0.21150 
              0.02496              -0.27580               0.05809 
              0.03970              -0.28937              -0.00520 
              0.04481              -0.31907               0.02272 
              0.02948              -0.33129               0.00907 
              0.00645              -0.31163              -0.07896 
             -0.01207              -0.28812              -0.16675 
             -0.02022              -0.26683              -0.17833 
             -0.01899              -0.24252              -0.14645 
             -0.01142              -0.20128              -0.18591 
             -0.00033              -0.14316              -0.26979 
              0.00648              -0.08705              -0.27814 
              0.01164              -0.02651              -0.15242 
              0.01577               0.06792               0.05522 
              0.01382               0.17120               0.13938 
              0.01394               0.24481               0.06786 
              0.00518               0.28700               0.02523 
             -0.01096               0.32209               0.11627 
             -0.02389               0.35673               0.28055 
             -0.04192               0.32274               0.28585 
             -0.04049               0.28119               0.17084 
             -0.01957               0.27726               0.09817 
              0.00140               0.27174               0.05313 
              0.02233               0.23878              -0.04471 
              0.03243               0.16697              -0.19530 
              0.02631               0.08557              -0.27631 
              0.00808               0.00621              -0.22789 
             -0.01172              -0.07282              -0.13775 
             -0.02226              -0.13624              -0.13818 
             -0.02318              -0.17250              -0.21550 
             -0.01581              -0.20517              -0.25649 
             -0.00167              -0.27134              -0.17432 
              0.01879              -0.37132               0.02710 
              0.03349              -0.43110               0.14976 
              0.03181              -0.40081               0.10491 
              0.02754              -0.32902               0.08785 
              0.01969              -0.25278               0.18591 
              0.00513              -0.17064               0.26274 
             -0.00194              -0.10045               0.16676 
             -0.01141              -0.07192               0.01096 
             -0.02099              -0.05731              -0.01334 
             -0.02737              -0.02520               0.07191 
             -0.02868               0.04522               0.07449 
             -0.01463               0.13883              -0.09325 
             -0.00030               0.21168              -0.24867 
              0.00797               0.27917              -0.24569 
              0.01577               0.35066              -0.13662 
              0.01750               0.38841              -0.05929 
              0.00378               0.35869              -0.11201 
             -0.01580               0.30813              -0.20353 
             -0.02724               0.28957              -0.17625 
             -0.03432               0.28470              -0.04733 
             -0.02761               0.25370               0.04313 
             -0.00280               0.18243               0.03204 
              0.01693               0.08533               0.01656 
              0.03286              -0.00577               0.10053 
              0.03720              -0.07678               0.19425 
              0.01983              -0.11932               0.15099 
              0.00784              -0.14048               0.03701 
             -0.00095              -0.19345               0.04792 
             -0.00773              -0.29044               0.17250 
             -0.00282              -0.37342               0.19051 
             -0.00211              -0.38394               0.01313 
             -0.00381              -0.34538              -0.18816 
              0.00018              -0.32959              -0.22256 
              0.00537              -0.31437              -0.15138 
              0.00723              -0.26007              -0.12554 
              0.01268              -0.17699              -0.17998 
              0.01810              -0.08733              -0.24900 
              0.01107              -0.02246              -0.23178 
             -0.00383               0.02242              -0.13954 
             -0.01919               0.06744              -0.09263 
             -0.03224               0.10708              -0.12109 
             -0.03390               0.15343              -0.10954 
             -0.02356               0.22272               0.02099 
             -0.00321               0.28962               0.17166 
              0.01624               0.30248               0.15239 
              0.02470               0.26834              -0.00680 
              0.02255               0.24108              -0.11895 
              0.00820               0.23646              -0.11696 
             -0.00815               0.23340              -0.10557 
             -0.01226               0.20111              -0.22672 
             -0.01155               0.14983              -0.41092 
             -0.00944               0.10462              -0.52763 
             -0.00371               0.07062              -0.55143 
              0.00092               0.05360              -0.45786 
              0.00503               0.09897              -0.15510 
              0.01801               0.27987               0.28708 
              0.02573               0.46843               0.35122 
              0.02088               0.46009              -0.03821 
              0.01744               0.43589              -0.27975 
              0.00640               0.56472              -0.12014 
             -0.04885               1.01786               0.62352 
             -0.13746               1.35950               1.27318 
             -0.10154               0.85690               0.98759 
              0.12681               0.34294               1.15423 
              0.35940               0.04375               1.14184 
              0.25847               0.05740               0.25535 
              0.13826               0.23575              -0.10532 
              0.04447               0.70482               0.71520 
             -0.08223               1.06900               1.58436 
             -0.07573               0.38631               0.38371 
             -0.04594               0.14763              -0.22755 
             -0.10459               0.26250               0.24708 
             -0.20774               0.32695               0.78781 
             -0.14693               0.06940               0.54236 
              0.00863              -0.16391               0.46215 
              0.20298              -0.23772               1.00314 
              0.25339               0.00587               1.01894 
              0.08217               0.14360               0.28920 
             -0.03149               0.06124               0.01063 
             -0.09640              -0.15544               0.18975 
             -0.07100              -0.33437               0.12355 
             -0.00962              -0.24974              -0.36699 
              0.01443              -0.10004              -0.68274 
              0.01598               0.02296              -0.61644 
             -0.00784               0.17623              -0.23816 
             -0.05679               0.27181               0.06992 
             -0.07427               0.19428              -0.09559 
             -0.04760               0.05829              -0.41429 
             -0.01833              -0.05011              -0.57920 
              0.01630              -0.14018              -0.59722 
              0.07711              -0.22143              -0.50675 
              0.16578              -0.26571              -0.35860 
              0.23955              -0.21611              -0.28884 
              0.22999              -0.08817              -0.41095 
              0.14734               0.01707              -0.63122 
              0.06961               0.05244              -0.77071 
              0.01349               0.03101              -0.75470 
             -0.06721              -0.07110              -0.55359 
             -0.20044              -0.30679              -0.14659 
             -0.30048              -0.61268               0.27958 
             -0.26056              -0.66147               0.17392 
             -0.15354              -0.44430              -0.35312 
             -0.09697              -0.33414              -0.59691 
             -0.10865              -0.40919              -0.39910 
             -0.15992              -0.54860               0.06929 
             -0.14135              -0.44064               0.12304 
             -0.05192              -0.16217              -0.30679 
              0.00956              -0.00118              -0.61915 
              0.04953               0.04019              -0.69547 
              0.10013               0.01011              -0.63434 
              0.16187              -0.09114              -0.48141 
              0.19837              -0.27586              -0.25002 
              0.18054              -0.53308               0.05822 
              0.09393              -0.76766               0.37208 
             -0.03180              -0.74666               0.45089 
             -0.10385              -0.52758               0.27947 
             -0.11048              -0.38932               0.13894 
             -0.07252              -0.68407               0.73761 
              0.05113              -1.88230               2.39477 
              0.10714              -1.42045               1.27647 
              0.07064              -0.76011               0.00500 
              0.04603              -0.93981               0.19581 
              0.01528              -1.59308               1.13703 
             -0.00504              -1.24947               0.65971 
             -0.00640              -0.64361              -0.22408 
             -0.00341              -0.64500              -0.18269 
              0.00471              -1.30778               0.95524 
              0.01016              -1.19581               0.87898 
              0.00219              -0.46483              -0.27769 
              0.00119              -0.44405              -0.23318 
              0.01695              -1.38204               1.79360 
              0.04377              -1.22873               1.86203 
              0.01927              -0.26506              -0.16963 
              0.01729              -0.11759              -0.37456 
              0.03075              -0.11967              -0.20475 
              0.04482              -0.10909               0.03627 
              0.03420              -0.04501               0.00491 
              0.01283               0.00069              -0.25831 
              0.00297               0.00840              -0.42648 
              0.00051               0.00520              -0.48556 
              0.00008               0.00145              -0.50813 
             -0.00001              -0.00286              -0.51704 
             -0.00024              -0.00802              -0.51043 
             -0.00050              -0.01214              -0.49234 
             -0.00038              -0.01410              -0.48413 
              0.00017              -0.01457              -0.49618 
              0.00084              -0.01388              -0.52100 
              0.00116              -0.01171              -0.55472 
              0.00075              -0.00852              -0.59190 
              0.00007              -0.00668              -0.62627 
             -0.00066              -0.00649              -0.66219 
             -0.00120              -0.00418              -0.71706 
             -0.00076               0.00609              -0.80646 
              0.00435               0.03484              -0.91427 
              0.03214               0.10266              -0.94197 
              0.16501               0.20932              -0.60050 
              0.52633               0.15584               0.35057 
              0.59631              -0.29430               0.86264 
              0.18971              -0.54789               0.17686 
              0.00755              -0.41399              -0.48554 
             -0.01180              -0.40228              -0.56470 
              0.00629              -0.70858              -0.09021 
              0.05064              -1.05345               0.44420 
              0.11180              -1.03460               0.52433 
              0.05902              -0.61503               0.15095 
             -0.12151              -0.21097               0.13449 
             -0.22150               0.12895               0.16067 
             -0.14807               0.25290              -0.30813 
             -0.08079               0.19822              -0.68137 
             -0.04703               0.16280              -0.69359 
             -0.01071               0.09092              -0.11200 
              0.01421              -0.30108               1.08165 
              0.04350              -0.46474               0.78500 
              0.01080              -0.18815              -0.33917 
              0.00085              -0.04616              -0.65937 
              0.04689               0.08439              -0.25550 
              0.07487               0.16557               0.66449 
             -0.08658              -0.11141               0.89298 
             -0.27402              -0.32202               0.57684 
             -0.46886              -0.35483               0.54760 
             -0.49544               0.00345               1.09595 
             -0.01817               0.60603               0.68949 
              0.14915               0.83937               0.18944 
              0.16432               1.50141               1.00286 
              0.20884               1.78165               1.52909 
              0.17540               0.71836               0.14859 
              0.07570               0.02617              -0.69009 
              0.05785              -0.29381              -0.65863 
              0.06318              -1.04783               0.39746 
             -0.04007              -1.77224               1.73990 
             -0.04395              -0.66545               0.07146 
             -0.02276              -0.35426              -0.40206 
             -0.01042              -0.44638              -0.27344 
             -0.00063              -0.50327              -0.25429 
             -0.02469              -0.45381              -0.40212 
             -0.09554              -0.53920              -0.29162 
             -0.27383              -1.12738               0.85067 
             -0.46752              -1.33155               1.65625 
             -0.26831              -0.21467              -0.12298 
             -0.11332               0.01791              -0.77233 
             -0.06724               0.06232              -0.82953 
             -0.04724               0.12501              -0.63081 
             -0.04880               0.23754               0.02441 
             -0.14697               0.18024               1.04403 
              0.06850              -0.11984               0.56630 
              0.11946              -0.16596              -0.34070 
              0.06773              -0.11213              -0.49046 
              0.03831              -0.06605              -0.38705 
              0.02761              -0.10258              -0.46207 
              0.06891              -0.09409              -0.51313 
              0.08922              -0.07764              -0.47505 
              0.08122              -0.09405              -0.40281 
              0.06304              -0.08791              -0.39164 
              0.05328               0.05611              -0.55809 
              0.05717               0.24362              -0.54446 
              0.09179               0.32893              -0.29627 
              0.11226               0.24183               0.00257 
              0.07514               0.17984               0.14728 
             -0.10885               0.16256               0.20693 
             -0.20264              -0.04709               0.16582 
             -0.12440              -0.14241               0.09079 
             -0.09084              -0.08396               0.19953 
             -0.22852               0.01183               0.62773 
             -0.21428              -0.06670               0.47447 
             -0.14597              -0.12363               0.00186 
             -0.07827              -0.12587              -0.37920 
              0.03197              -0.09135              -0.48576 
              0.07747               0.01925              -0.54075 
              0.12326               0.10047              -0.61898 
              0.22679               0.12586              -0.55975 
              0.26033               0.16950              -0.44255 
              0.19910               0.33076              -0.24375 
              0.14004               0.40662              -0.14547 
              0.13181               0.25095              -0.32085 
              0.08555               0.07730              -0.58092 
              0.03610              -0.01475              -0.53249 
              0.04023              -0.15316              -0.12970 
              0.15532              -0.21124               0.64973 
              0.19724              -0.00903               0.77516 
              0.13816               0.10754              -0.07688 
              0.04223               0.27455              -0.44247 
             -0.10202               0.64241               0.14867 
             -0.21021               0.94574               1.24754 
             -0.18862               0.54725               0.88923 
             -0.34483               0.21824              -0.11227 
             -0.35026               0.05794              -0.32242 
             -0.34251               0.05012              -0.15953 
             -0.29628               0.06165              -0.09332 
             -0.08911               0.11928              -0.25108 
              0.03867               0.16059              -0.31577 
              0.07689               0.19840              -0.30217 
              0.04519               0.32774              -0.11013 
             -0.10024               0.42852              -0.04984 
             -0.20732               0.35968              -0.23993 
             -0.29237               0.22884              -0.40868 
             -0.44137               0.39789              -0.02429 
             -0.47796               0.79934               0.75468 
             -0.18661               1.32745               1.45916 
              0.01743               0.87905               0.48800 
              0.07029               0.68120               0.04512 
              0.20543               0.69295               0.44152 
              0.22402               0.71411               0.71329 
              0.28403               0.50995               0.30466 
              0.38016               0.08072              -0.12917 
              0.37144              -0.00510              -0.04666 
              0.37431               0.00926               0.10365 
              0.29217              -0.09012              -0.02447 
              0.13090              -0.23917              -0.34582 
              0.14288              -0.09738              -0.46435 
              0.38537              -0.15345               0.18147 
              0.24060              -0.44530               0.39885 
             -0.04557              -0.18329               0.20347 
              0.09485              -0.12909              -0.16403 
             -0.12190              -0.11628              -0.07855 
             -0.60381              -0.11821               0.49182 
             -0.70248              -0.08999               0.76200 
             -0.34429              -0.09238               0.47564 
             -0.34121              -0.10212               0.10226 
             -0.13866               0.04779              -0.01119 
              0.07798               0.14501               0.00101 
              0.06504               0.03722              -0.25484 
              0.05478              -0.02216              -0.36931 
              0.20478               0.01497              -0.14008 
              0.01961               0.05877              -0.35044 
             -0.07429               0.05833              -0.44950 
             -0.17545              -0.03481              -0.34675 
             -0.22627              -0.06429              -0.30974 
             -0.16579              -0.01636              -0.53655 
             -0.16523               0.04081              -0.65708 
             -0.43245               0.12159              -0.28153 
             -0.39890               0.19030              -0.06938 
             -0.18298               0.13227               0.07763 
              0.30666               0.22751               0.45289 
              0.54767               0.13803               0.16580 
              0.39437               0.01791              -0.18077 
              0.48921              -0.10624               0.01162 
              0.56236              -0.34682               0.21248 
              0.37496              -0.40339               0.12848 
              0.11580              -0.53202               0.02229 
             -0.01428              -0.53247               0.04149 
             -0.12129              -0.46483               0.22057 
             -0.18779              -0.35212               0.15776 
             -0.20823              -0.26879              -0.18771 
             -0.11885              -0.24169              -0.43664 
             -0.05483              -0.27608              -0.34015 
             -0.06519              -0.58131               0.16265 
             -0.08917              -0.68503               0.19996 
             -0.04466              -0.38806              -0.36887 
              0.00180              -0.36331              -0.52102 
              0.01461              -0.42091              -0.43863 
              0.00265              -0.47078              -0.23701 
             -0.05131              -0.67155               0.28936 
             -0.13254              -0.65824               0.37730 
             -0.15423              -0.59882               0.23941 
             -0.22083              -0.55122               0.45434 
             -0.13017              -0.50158               0.36298 
              0.01200              -0.73608               0.39740 
              0.02693              -0.78071               0.30744 
              0.07111              -0.89969               0.43752 
             -0.01161              -0.76752               0.41672 
             -0.10178              -0.55013               0.23648 
              0.05332              -0.48095               0.01660 
              0.17802              -0.39473              -0.04181 
              0.26641              -0.36145               0.14073 
              0.26882              -0.61660               0.30571 
              0.23288              -0.41580              -0.16722 
              0.25218              -0.27488              -0.34919 
              0.27615              -0.35963              -0.02277 
              0.19974              -0.73398               0.65954 
              0.14579              -0.94115               0.75872 
              0.01882              -0.49532               0.03390 
             -0.08627              -0.33117              -0.23398 
             -0.21132              -0.75659               0.51329 
             -0.13313              -0.92467               0.69216 
             -0.07474              -0.52303              -0.02746 
             -0.08310              -0.39396              -0.24217 
             -0.02393              -0.41216              -0.12834 
              0.01760              -0.68586               0.34459 
              0.04563              -0.53766               0.14336 
              0.14631              -0.20996              -0.29939 
              0.12708              -0.14084              -0.43056 
              0.08466              -0.08121              -0.56525 
              0.03271              -0.10269              -0.59375 
             -0.07620              -0.23618              -0.32632 
             -0.12366              -0.34312               0.18523 
             -0.07498              -0.28616              -0.03035 
             -0.07919              -0.35348              -0.28217 
             -0.08393              -0.29063              -0.23530 
             -0.03388              -0.08855              -0.41412 
             -0.08583              -0.17482              -0.29920 
             -0.16631              -0.28748               0.22602 
             -0.13017              -0.25591               0.28523 
              0.05423              -0.32331               0.10392 
              0.05141              -0.30464              -0.18752 
             -0.04882              -0.27031              -0.33831 
             -0.05679              -0.29471              -0.17289 
             -0.03178              -0.38584               0.03309 
             -0.01617              -0.28189              -0.23601 
             -0.05999              -0.19382              -0.39007 
             -0.04768              -0.11591              -0.42791 
             -0.04946              -0.01513              -0.30690 
             -0.14238               0.09079              -0.20475 
             -0.22379               0.07742              -0.18781 
             -0.12357               0.12026              -0.15585 
             -0.03865               0.16718              -0.09753 
              0.04533               0.12122              -0.32276 
              0.15347               0.16150              -0.27022 
              0.26007               0.14468              -0.11365 
              0.15788               0.07273              -0.33761 
              0.10928               0.06307              -0.50039 
              0.08827               0.06295              -0.47776 
              0.06541               0.03274              -0.15815 
             -0.08353              -0.20726               0.20516 
             -0.26066              -0.17320              -0.00049 
             -0.35423              -0.13732              -0.17429 
             -0.10954              -0.19679              -0.25714 
              0.04362              -0.33269              -0.21164 
             -0.04619              -0.25598              -0.34883 
             -0.02970              -0.21194              -0.15055 
              0.07965              -0.23404               0.05798 
              0.26551              -0.10842               0.13487 
              0.26206              -0.02250               0.44870 
              0.04416               0.13827               0.30516 
              0.06935               0.18890               0.02748 
              0.13419               0.12190              -0.34089 
              0.35180               0.01264              -0.04953 
             -0.00296              -0.16560               0.10561 
             -0.18342              -0.07614               0.46430 
              0.06548               0.01418               0.76126 
              0.10455              -0.28880               0.44911 
              0.36438              -0.05287              -0.05536 
              0.65272               0.14473               0.02838 
              0.42158              -0.03815              -0.13975 
              0.29366              -0.27602               0.10933 
              0.14980              -0.40560               0.69618 
             -0.27392              -0.69508               0.64122 
             -0.78158              -0.99968               1.63254 
             -0.35925              -0.35258               0.50108 
             -0.21337              -0.21892               0.29320 
             -0.25189              -0.23867               0.46262 
             -0.34501              -0.45345               0.67785 
             -0.37772              -0.30522               0.80217 
             -0.35824              -0.55010               0.40576 
             -0.28467              -0.87233               0.43975 
             -0.05589              -0.65892               0.03586 
              0.16192              -0.80928               0.27825 
              0.16891              -0.63553              -0.05653 
              0.13445              -0.28164              -0.56984 
              0.23398              -0.46651              -0.15142 
              0.20478              -0.47698              -0.14901 
              0.28506              -0.52482               0.16853 
              0.12591              -0.66233               0.63524 
              0.13210              -0.45113              -0.13434 
              0.04568              -0.37365              -0.44347 
              0.02008              -0.55716               0.01040 
              0.23966              -0.34332               0.13021 
              0.23356              -0.09345              -0.07549 
              0.20760              -0.01630              -0.25165 
              0.15665              -0.15022              -0.35792 
              0.40871              -0.01138               0.14748 
              0.12677               0.15525               0.13269 
              0.02927              -0.13912               0.25563 
              0.00581              -0.33646               0.17154 
             -0.04797              -0.18675              -0.46688 
             -0.03108              -0.17889              -0.59133 
             -0.00571              -0.33020              -0.32344 
             -0.00613              -0.49718              -0.14944 
              0.01201              -0.36855              -0.33795 
              0.12559              -0.21177              -0.33012 
              0.10973              -0.10735              -0.35409 
             -0.04465               0.03655              -0.33525 
             -0.10435               0.09663              -0.44116 
             -0.07529               0.27453              -0.24593 
              0.05202               0.19434              -0.30932 
              0.04779              -0.01932              -0.39590 
              0.04619              -0.04337              -0.00438 
              0.04816               0.02120              -0.30414 
              0.07164              -0.04110              -0.21203 
              0.08310              -0.20675               0.37681 
             -0.01962              -0.21489               0.50441 
             -0.10079              -0.13117               0.04643 
             -0.14654              -0.12934              -0.37558 
             -0.14777              -0.19414              -0.20639 
             -0.05459               0.00289              -0.24670 
             -0.04128               0.23661              -0.19825 
              0.02551               0.47166               0.01721 
              0.05832               0.30342              -0.33507 
              0.01705               0.09231              -0.57600 
             -0.11519              -0.05826              -0.49035 
             -0.26301              -0.12403              -0.28050 
             -0.35536              -0.15327              -0.17071 
             -0.34259              -0.19517              -0.21012 
             -0.27272              -0.19413              -0.30734 
             -0.21860              -0.15215              -0.30839 
             -0.21059              -0.13698              -0.02795 
             -0.04926              -0.23361               0.43125 
              0.14036              -0.25626               0.44434 
              0.35419              -0.12106               0.37163 
              0.41160               0.11960               0.30083 
              0.26502               0.17164               0.18941 
              0.03296               0.12360              -0.00335 
             -0.10244               0.00008               0.06577 
              0.01103               0.05257              -0.11168 
             -0.03441              -0.05220              -0.09324 
             -0.05521              -0.17045              -0.33191 
              0.07289              -0.08013              -0.44684 
              0.13030               0.22762               0.01832 
              0.17794              -0.16299               0.20169 
              0.28778              -0.24299               0.27436 
              0.38814              -0.22844               0.14306 
              0.47230              -0.05144              -0.10342 
              0.40820              -0.01396               0.07965 
              0.15806               0.16127               0.17497 
             -0.48121               0.13954               0.24686 
             -0.59582               0.05138               0.51721 
             -0.96867              -0.00122               0.59682 
             -0.52296              -0.03278              -0.12073 
             -0.37244               0.14458               0.24550 
             -0.27952               0.02207               0.64102 
